region_id,C11_350_449_CF_CU15_NDS,C11_350_449_CF_NCU15_DS,C11_350_449_CF_NDCO,C11_350_449_CF_T,C11_450_549_CF_NC,C11_450_549_CF_Cu15DS_,C11_450_549_CF_CU15_NDS,C11_450_549_CF_NCU15_DS,C11_450_549_CF_NDCO,C11_450_549_CF_T,C11_550_649_CF_NC,C11_550_649_CF_Cu15DS_,C11_550_649_CF_CU15_NDS,C11_550_649_CF_NCU15_DS,C11_550_649_CF_NDCO,C11_550_649_CF_T,C11_650ov_CF_NC,C11_650ov_CF_Cu15DS_,C11_650ov_CF_CU15_NDS,C11_650ov_CF_NCU15_DS,C11_650ov_CF_NDCO,C11_650ov_CF_T,C11_Rns_CF_NC,C11_Rns_CF_Cu15DS_,C11_Rns_CF_CU15_NDS,C11_Rns_CF_NCU15_DS,C11_Rns_CF_NDCO,C11_Rns_CF_T,C11_Tot_CF_NC,C11_Tot_CF_Cu15DS_,C11_Tot_CF_CU15_NDS,C11_Tot_CF_NCU15_DS,C11_Tot_CF_NDCO,C11_Tot_CF_Tot
101011001,27,3,3,43,3,0,3,0,3,9,0,0,0,0,0,0,3,0,0,0,0,3,12,3,6,3,0,24,355,62,339,41,56,853
101011002,9,0,0,15,4,0,0,0,0,4,0,3,0,0,0,3,0,0,0,0,0,0,10,3,9,0,0,22,162,24,133,14,26,359
101011003,24,4,3,43,0,0,0,3,0,3,0,0,3,3,0,6,0,0,0,0,0,0,3,0,0,0,0,3,89,15,110,16,16,246
101011004,18,0,7,44,16,0,15,4,4,39,0,4,8,0,0,12,5,0,0,0,0,5,5,0,8,0,0,13,118,12,152,7,21,310
101011005,0,0,0,4,0,0,0,4,0,4,0,0,0,0,0,0,0,0,3,0,0,3,0,0,3,0,0,3,154,20,154,13,18,359
101011006,0,0,0,0,0,0,0,0,0,0,0,0,0,0,0,0,0,0,0,0,0,0,10,0,9,0,0,19,118,20,118,12,0,268
101021007,0,0,0,0,0,0,3,0,0,3,0,0,0,0,0,0,0,0,0,0,4,4,0,3,0,0,0,3,48,10,52,4,7,121
101021008,60,7,5,130,8,4,18,3,3,36,3,0,4,0,3,10,0,0,3,0,0,3,3,5,4,0,3,15,135,25,147,16,30,353
101021009,63,4,14,165,18,11,27,0,7,63,3,0,9,0,0,12,0,0,4,0,0,4,4,0,6,0,3,13,309,21,231,14,33,608
101021010,28,0,0,73,13,0,13,0,4,30,4,0,4,0,0,8,3,0,5,0,0,8,4,0,3,0,0,7,173,6,130,3,7,319
101021011,33,3,3,67,15,6,17,0,0,38,6,3,20,3,0,32,3,3,8,3,0,17,7,0,3,3,0,13,128,21,139,15,9,312
101021012,46,5,6,114,23,4,48,8,5,88,10,8,33,0,4,55,14,0,18,0,6,38,0,0,15,0,3,18,207,38,331,26,33,635
101031013,0,0,0,0,0,0,0,0,0,0,0,0,0,0,0,0,0,0,0,0,0,0,3,0,3,0,0,6,33,0,44,0,4,81
101031014,0,0,0,6,0,0,0,0,0,0,0,0,0,0,0,0,3,0,0,3,0,6,3,0,3,0,0,6,118,9,99,12,10,248
101031015,3,0,0,9,0,0,0,0,0,0,0,0,0,0,0,0,0,0,0,0,0,0,3,3,3,0,0,9,35,10,35,0,6,86
101031016,18,3,0,36,0,0,3,0,0,3,3,3,0,0,0,6,5,0,4,0,0,9,6,0,7,0,0,13,105,8,120,9,0,242
101041017,25,0,0,51,0,0,6,0,0,6,0,0,0,0,0,0,0,0,0,0,0,0,3,0,0,0,0,3,184,21,154,11,17,387
101041018,28,5,4,56,0,3,0,0,0,3,0,0,0,0,0,0,4,0,0,0,0,4,6,0,3,0,0,9,185,19,132,13,37,386
101041019,5,3,0,14,0,0,5,0,0,5,0,0,0,0,0,0,0,0,3,0,0,3,3,0,3,0,3,9,121,22,128,10,21,302
101041020,3,0,0,3,0,0,0,0,0,0,0,0,0,0,0,0,0,0,0,0,0,0,3,0,3,3,0,9,89,14,95,12,3,213
101041021,5,0,0,13,0,0,0,0,0,0,0,0,0,0,0,0,0,0,0,0,0,0,0,0,0,0,0,0,48,10,48,0,4,110
101041022,0,0,0,0,0,0,0,0,0,0,0,0,0,0,0,0,0,0,0,0,0,0,0,0,0,0,0,0,0,0,0,0,0,0
101041023,3,0,0,3,0,0,0,0,0,0,0,0,0,0,0,0,3,0,0,0,0,3,3,0,0,0,0,3,66,7,57,4,12,146
101041024,3,0,0,6,0,0,0,0,0,0,0,0,0,0,0,0,3,0,0,0,0,3,3,0,3,0,0,6,41,4,44,4,6,99
101041025,19,7,0,58,3,4,0,0,0,7,0,0,0,0,0,0,0,0,3,0,0,3,8,0,3,0,0,11,205,20,137,20,16,398
101041026,5,0,0,13,0,0,0,0,0,0,0,0,0,0,0,0,0,0,0,0,3,3,4,0,4,0,0,8,103,19,101,11,19,253
101041027,0,0,0,5,0,0,0,0,0,0,0,0,0,0,0,0,4,0,0,0,0,4,3,0,3,3,3,12,151,16,123,9,18,317
102011028,40,8,0,74,15,11,26,3,6,61,0,6,11,0,0,17,0,3,4,3,3,13,4,0,0,0,0,4,83,29,105,14,12,243
102011029,47,0,10,83,13,4,21,0,7,45,6,0,11,0,0,17,4,3,3,0,0,10,3,0,3,0,0,6,106,17,124,13,21,281
102011030,16,0,0,25,0,0,4,0,0,4,0,3,3,0,0,6,0,0,0,0,0,0,0,0,7,0,0,7,54,15,84,3,10,166
102011031,42,6,11,88,10,4,18,6,3,41,7,0,11,0,0,18,0,0,10,0,0,10,9,0,0,0,0,9,144,21,159,24,30,378
102011032,84,3,17,202,24,5,17,3,5,54,0,0,0,3,0,3,5,0,5,0,0,10,12,0,8,3,5,28,668,50,379,27,56,1180
102011033,43,0,6,66,0,3,8,0,4,15,0,0,0,0,0,0,0,0,0,0,0,0,0,0,0,0,3,3,50,17,103,6,20,196
102011034,32,0,4,59,4,3,3,0,3,13,0,3,3,0,3,9,0,3,0,0,0,3,0,0,3,0,0,3,90,24,87,7,19,227
102011035,22,6,8,47,7,3,4,0,0,14,0,3,3,0,0,6,0,0,0,0,0,0,0,0,6,0,0,6,60,19,77,10,15,181
102011036,41,0,6,71,0,0,3,0,3,6,0,0,3,0,3,6,0,0,0,0,3,3,0,3,3,0,0,6,52,21,124,6,28,231
102011037,31,4,7,66,7,0,10,0,0,17,0,0,0,0,0,0,3,3,0,0,0,6,0,0,0,0,0,0,71,13,93,4,7,188
102011038,30,5,7,72,0,8,9,0,0,17,5,3,3,4,0,15,6,0,3,0,0,9,0,0,4,0,0,4,94,19,83,9,10,215
102011039,75,8,7,191,26,8,55,3,6,98,5,6,19,4,5,39,12,4,10,4,3,33,0,0,5,0,4,9,223,43,218,26,39,549
102011040,138,12,29,284,20,8,18,0,3,49,0,0,0,0,3,3,5,0,0,0,0,5,11,3,11,3,0,28,461,40,435,42,64,1042
102011041,40,4,3,84,21,10,25,3,3,62,3,0,8,6,0,17,5,0,7,0,0,12,3,0,0,0,0,3,123,18,118,16,15,290
102011042,54,3,13,126,6,0,13,0,0,19,0,0,0,4,0,4,9,0,0,0,0,9,14,0,3,3,0,20,301,35,189,20,42,587
102011043,38,6,3,70,3,0,3,3,3,12,0,0,0,0,0,0,0,0,0,0,0,0,4,0,3,0,0,7,130,23,139,12,21,325
102021044,65,7,18,149,5,4,11,3,0,23,0,0,9,0,0,9,3,0,4,0,0,7,10,3,7,3,0,23,317,50,309,37,60,773
102021045,51,6,13,106,0,0,4,0,0,4,0,0,0,0,0,0,0,0,0,0,0,0,3,0,6,0,0,9,140,51,241,23,35,490
102021046,13,4,4,24,0,0,0,0,3,3,3,0,0,0,0,3,0,0,0,0,0,0,7,3,3,0,0,13,148,20,125,11,29,333
102021047,50,3,19,111,6,4,15,0,0,25,4,4,5,0,0,13,0,0,5,0,0,5,7,0,0,0,0,7,151,52,219,19,45,486
102021048,38,7,6,78,4,0,5,0,0,9,3,0,3,3,0,9,0,0,0,0,0,0,12,0,6,0,0,18,327,56,320,31,54,788
102021049,3,0,0,14,3,0,3,0,0,6,0,3,3,0,0,6,4,0,0,0,0,4,3,0,3,0,4,10,28,8,26,0,4,66
102021050,24,0,3,54,0,0,0,0,0,0,0,0,0,0,0,0,0,0,0,0,0,0,3,0,7,0,3,13,136,25,127,4,19,311
102021051,7,0,3,23,0,0,4,0,0,4,0,0,0,0,3,3,0,0,3,0,0,3,3,0,0,0,0,3,74,9,65,3,16,167
102021052,22,0,3,42,0,0,0,0,3,3,0,0,0,0,0,0,0,0,0,0,0,0,3,0,0,0,0,3,78,7,96,0,21,202
102021053,74,5,15,159,15,4,15,0,3,37,3,3,4,0,0,10,3,3,3,0,3,12,5,0,10,0,0,15,462,50,324,22,61,919
102021054,16,3,4,35,0,0,4,0,0,4,0,3,0,0,0,3,0,3,0,0,0,3,4,0,0,3,3,10,188,22,127,17,28,382
102021055,42,11,0,80,6,3,7,0,4,20,0,0,5,0,0,5,3,0,0,0,0,3,0,0,0,0,0,0,93,20,138,11,16,278
102021056,160,18,22,299,13,12,24,0,8,57,0,0,4,0,0,4,3,0,3,0,0,6,7,0,3,0,0,10,136,53,246,24,35,494
102021057,17,0,5,44,0,3,3,0,0,6,0,0,0,0,0,0,0,0,4,0,0,4,3,3,5,4,0,15,157,34,156,24,29,400
103011058,64,3,7,114,4,3,4,0,0,11,0,0,0,3,0,3,0,0,0,0,0,0,13,0,5,0,4,22,443,54,422,25,50,994
103011059,42,9,3,83,0,0,8,0,0,8,0,0,3,0,0,3,0,0,0,0,0,0,0,0,3,0,0,3,115,27,185,18,18,363
103011060,6,0,0,9,0,0,0,3,0,3,0,0,3,0,0,3,0,0,0,0,0,0,3,3,3,0,0,9,61,12,65,13,6,157
103011061,3,0,0,3,0,0,0,0,0,0,0,0,0,0,0,0,0,0,0,0,0,0,4,4,3,0,0,11,72,7,89,7,9,184
103021062,3,0,0,3,0,0,0,0,0,0,0,0,0,0,0,0,3,0,3,0,0,6,6,0,11,0,0,17,114,9,149,6,15,293
103021063,3,0,0,3,0,3,0,0,0,3,0,0,0,0,0,0,0,0,0,0,0,0,3,0,0,0,0,3,158,23,126,16,17,340
103021064,3,0,0,3,0,0,0,0,0,0,0,0,0,0,0,0,3,0,0,0,0,3,5,4,9,0,0,18,81,15,68,6,11,181
103021065,0,0,0,0,0,0,0,0,0,0,0,0,0,0,0,0,0,0,5,0,0,5,7,3,7,0,3,20,163,19,132,16,9,339
103021066,0,0,0,0,0,0,0,0,0,0,0,0,0,0,0,0,0,0,0,0,0,0,3,0,4,0,0,7,50,10,47,4,7,118
103021067,13,3,0,22,3,3,0,3,0,9,0,0,0,0,0,0,0,0,4,0,0,4,8,0,0,0,0,8,178,24,200,15,18,435
103021068,0,0,0,0,0,0,0,0,0,0,0,0,0,0,0,0,0,0,0,0,0,0,0,0,3,3,0,6,38,11,40,9,6,104
103021069,3,0,0,3,0,0,0,0,0,0,0,0,0,0,0,0,0,0,3,0,0,3,0,3,8,0,0,11,94,18,110,5,12,239
103031070,16,0,4,23,0,0,0,0,0,0,0,0,0,0,0,0,3,0,3,0,0,6,0,0,3,3,0,6,184,28,162,13,30,417
103031071,5,0,0,5,0,0,0,0,3,3,0,0,0,0,0,0,0,0,0,0,0,0,3,0,4,0,0,7,72,17,90,6,16,201
103031072,66,8,3,116,9,4,16,0,0,29,0,3,3,0,0,6,4,0,3,0,0,7,10,3,12,0,3,28,221,39,254,26,27,567
103031073,0,0,0,0,0,0,0,0,0,0,0,0,0,0,0,0,0,0,0,0,0,0,0,0,6,0,0,6,62,10,45,8,8,133
103031074,4,0,0,7,0,3,0,0,0,3,0,0,0,0,0,0,3,0,0,0,0,3,14,0,0,0,0,14,125,27,155,15,11,333
103031075,0,0,0,0,0,0,0,0,0,0,0,0,0,0,0,0,0,0,0,0,0,0,0,0,0,0,0,0,0,0,0,0,0,0
103041076,6,0,0,9,0,0,3,0,0,3,0,0,3,0,0,3,0,0,0,0,0,0,3,0,5,0,0,8,95,18,110,13,15,251
103041077,49,7,4,95,8,0,7,0,0,15,0,0,4,0,0,4,3,0,4,0,0,7,10,0,13,0,3,26,379,56,391,27,53,906
103041078,119,5,5,214,8,7,43,7,0,65,3,0,5,0,0,8,4,0,8,0,0,12,11,0,6,0,0,17,274,48,400,31,39,792
103041079,12,0,0,23,0,0,3,0,0,3,3,0,0,0,0,3,0,0,0,0,0,0,10,3,6,0,0,19,144,21,157,9,23,354
104011080,24,3,3,46,0,0,0,0,0,0,0,0,0,0,0,0,3,0,0,0,0,3,9,0,6,0,4,19,281,33,275,18,44,651
104011081,5,0,0,13,0,0,3,0,0,3,0,0,0,0,0,0,0,0,3,0,0,3,3,0,0,0,0,3,123,26,152,12,20,333
104011082,33,4,0,65,0,0,8,0,0,8,0,0,3,0,0,3,3,0,0,0,4,7,7,0,4,0,0,11,310,46,276,25,39,696
104021083,30,3,0,45,0,0,0,0,0,0,0,0,0,0,0,0,0,0,0,0,3,3,0,0,6,0,0,6,59,13,118,12,6,208
104021084,92,8,3,176,12,7,24,3,7,53,3,0,6,0,0,9,0,0,4,4,0,8,10,3,8,0,0,21,360,53,351,26,53,843
104021085,61,6,14,130,11,0,12,0,0,23,0,0,5,3,0,8,0,0,0,0,0,0,6,0,6,3,0,15,261,28,194,21,25,529
104021086,11,0,3,25,3,0,4,0,0,7,0,0,0,0,0,0,0,0,0,0,0,0,0,0,0,0,0,0,22,5,54,4,6,91
104021087,0,0,0,0,0,0,0,0,0,0,0,0,0,0,0,0,0,0,0,0,0,0,0,0,3,0,0,3,26,15,42,9,6,98
104021088,65,15,3,121,14,5,26,0,3,48,3,0,8,0,3,14,0,0,5,0,0,5,3,0,3,0,0,6,112,27,162,21,12,334
104021089,87,15,7,175,3,3,15,0,4,25,3,3,0,3,0,9,3,0,0,0,0,3,14,3,8,0,0,25,337,70,297,40,42,786
104021090,8,4,3,22,3,0,3,0,0,6,0,0,0,0,0,0,0,0,0,0,0,0,0,0,0,0,0,0,80,18,65,7,6,176
104021091,56,7,4,105,0,0,9,0,4,13,0,0,0,0,0,0,0,0,0,0,0,0,5,0,8,0,0,13,215,26,238,18,27,524
105011092,0,0,0,0,0,0,0,0,0,0,0,0,0,0,0,0,0,0,3,0,0,3,9,0,7,0,0,16,104,16,147,7,10,284
105011093,6,0,0,6,0,0,0,0,0,0,0,0,0,0,0,0,0,0,3,0,0,3,5,0,7,0,0,12,126,15,143,12,14,310
105011094,0,0,0,0,0,0,0,0,0,0,0,0,0,0,0,0,0,0,3,0,0,3,12,0,5,0,0,17,90,15,71,4,15,195
105011095,0,0,0,0,0,0,0,0,0,0,0,0,0,0,0,0,3,0,0,0,0,3,4,0,10,0,0,14,87,14,120,3,16,240
105011096,0,0,0,3,0,0,0,0,0,0,0,0,0,0,0,0,0,0,4,0,0,4,13,3,18,0,0,34,145,20,180,15,24,384
105021097,9,0,0,14,0,3,5,0,0,8,0,0,0,0,0,0,4,0,0,0,0,4,14,0,6,0,0,20,236,20,194,9,24,483
105021098,0,0,0,0,0,0,0,0,0,0,0,0,0,0,0,0,0,0,0,0,0,0,3,0,7,3,0,13,72,12,81,6,6,177
105031099,0,0,0,0,0,0,0,0,0,0,0,0,0,0,0,0,0,0,0,0,0,0,13,0,9,0,0,22,124,29,142,11,13,319
105031100,17,0,0,28,0,0,4,0,0,4,0,0,0,0,0,0,0,0,0,0,0,0,4,4,6,0,0,14,203,33,201,7,18,462
105031101,36,3,5,77,0,0,0,0,0,0,0,0,0,0,0,0,0,0,0,0,0,0,8,3,4,0,0,15,297,44,267,23,40,671
105031102,25,3,0,42,0,0,3,0,0,3,0,0,0,0,0,0,3,0,0,0,0,3,8,0,4,0,0,12,113,19,130,19,9,290
105031103,0,0,0,6,0,0,0,0,0,0,0,0,0,0,0,0,0,0,0,0,0,0,5,0,3,0,0,8,49,6,34,3,5,97
105031104,0,0,0,3,0,0,0,0,0,0,0,0,0,0,0,0,3,0,0,0,0,3,3,0,3,0,3,9,88,6,66,0,10,170
105031105,3,0,0,3,0,0,0,0,0,0,0,0,0,0,0,0,0,0,3,0,0,3,6,0,6,0,0,12,106,14,108,6,12,246
105031106,0,0,0,3,3,0,3,0,0,6,0,0,0,0,0,0,0,0,0,0,0,0,4,0,9,0,3,16,129,26,150,13,16,334
106011107,83,0,0,136,5,0,10,3,0,18,3,0,3,0,0,6,5,0,4,0,0,9,3,0,10,0,0,13,145,17,201,10,12,385
106011108,45,5,5,86,3,0,3,0,0,6,3,0,0,0,0,3,5,0,0,0,0,5,11,0,3,0,3,17,337,47,326,29,59,798
106011109,8,0,0,12,3,3,3,0,0,9,0,0,0,0,0,0,0,0,0,0,0,0,3,0,3,0,5,11,52,9,69,4,10,144
106011110,9,3,0,17,3,0,0,0,0,3,0,0,0,0,0,0,0,0,0,0,0,0,3,0,3,0,0,6,101,10,99,9,25,244
106011111,16,0,4,31,0,0,4,0,0,4,0,0,0,0,0,0,0,0,0,0,0,0,3,0,4,0,4,11,197,27,231,14,37,506
106011112,136,3,14,251,13,10,23,4,0,50,3,0,3,0,0,6,0,0,4,0,0,4,7,3,12,3,3,28,298,52,366,23,39,778
106011113,7,3,0,19,3,0,6,0,0,9,0,0,0,0,0,0,0,0,0,0,0,0,6,0,0,0,0,6,74,9,88,12,20,203
106021114,12,3,5,40,3,0,6,0,0,9,0,0,0,0,0,0,0,0,0,0,0,0,6,0,4,0,0,10,75,16,61,9,19,180
106021115,147,4,14,238,5,5,22,3,3,38,0,0,0,0,0,0,4,0,0,0,0,4,7,4,7,0,5,23,448,70,528,45,67,1158
106021116,20,4,8,51,7,3,9,0,0,19,0,0,0,0,0,0,3,0,0,0,0,3,3,0,3,0,0,6,61,13,63,7,16,160
106021117,163,14,10,285,8,0,24,4,4,40,0,0,0,0,0,0,0,0,0,0,0,0,11,0,5,0,0,16,318,54,398,37,55,862
106021118,28,4,7,52,3,3,6,0,0,12,0,0,0,3,3,6,0,0,0,0,0,0,4,0,0,0,0,4,92,18,141,17,20,288
106031119,25,6,5,58,9,0,6,0,0,15,0,0,0,0,3,3,0,3,3,0,0,6,0,0,0,0,0,0,64,21,98,10,18,211
106031120,36,0,4,64,0,4,3,0,0,7,0,0,0,0,0,0,0,0,3,0,0,3,5,0,0,0,0,5,122,23,158,12,21,336
106031121,124,18,11,260,21,3,31,3,3,61,4,0,17,4,0,25,4,0,15,0,0,19,16,3,10,4,3,36,474,62,455,56,50,1097
106031122,27,3,4,60,3,0,4,0,0,7,0,0,0,0,0,0,3,0,3,0,0,6,7,0,10,0,0,17,313,58,319,22,61,773
106031123,5,0,0,11,3,0,0,0,0,3,0,0,0,0,0,0,0,0,0,0,0,0,0,3,5,0,0,8,24,12,32,0,9,77
106031124,8,8,3,27,0,0,0,0,0,0,3,0,3,0,0,6,0,0,0,0,0,0,6,0,0,0,0,6,99,6,80,14,12,211
106031125,43,6,3,79,5,0,20,0,0,25,0,0,4,0,0,4,0,0,3,0,3,6,5,0,11,0,0,16,177,27,293,13,29,539
106041126,106,8,7,189,7,3,13,3,0,26,0,0,0,0,0,0,3,0,0,0,0,3,5,3,7,3,0,18,240,37,325,24,28,654
106041127,14,0,0,17,0,0,4,0,0,4,0,0,0,0,0,0,0,0,0,0,0,0,4,0,9,0,0,13,88,15,78,6,15,202
106041128,26,5,0,37,0,0,0,0,0,0,0,0,0,0,0,0,5,0,0,0,0,5,7,0,4,0,0,11,127,11,134,8,11,291
106041129,11,0,0,17,0,0,3,0,0,3,0,0,0,0,0,0,3,0,0,0,0,3,14,4,13,3,0,34,165,24,192,11,20,412
107011130,40,6,13,88,3,4,3,0,5,15,0,0,5,0,0,5,5,0,0,0,0,5,9,4,9,0,4,26,438,65,397,44,93,1037
107011131,61,4,9,113,3,3,14,4,0,24,3,0,0,0,0,3,3,0,3,0,0,6,17,0,9,0,3,29,289,47,273,36,55,700
107011132,35,7,6,70,3,0,9,3,0,15,0,0,0,0,0,0,3,0,0,0,0,3,5,0,0,0,0,5,51,17,95,13,15,191
107011133,0,0,0,0,0,0,0,0,0,0,0,0,0,0,0,0,0,0,0,0,0,0,0,0,0,0,0,0,0,0,0,0,0,0
107011134,36,7,5,73,0,3,14,0,4,21,0,0,4,0,0,4,0,0,0,0,0,0,10,0,6,0,0,16,202,29,183,20,41,475
107021135,0,0,0,0,0,0,0,0,0,0,0,0,0,0,0,0,0,0,0,0,0,0,0,0,0,0,0,0,0,0,0,0,0,0
107031136,81,4,10,134,4,3,13,3,4,27,0,0,0,0,0,0,0,0,0,0,0,0,3,0,4,0,3,10,120,31,169,20,27,367
107031137,28,0,3,52,3,0,3,0,0,6,0,0,0,0,0,0,0,0,0,0,0,0,4,0,3,0,3,10,98,14,128,6,23,269
107031138,43,6,0,97,11,4,8,3,4,30,4,0,6,0,0,10,0,0,4,0,0,4,3,0,0,0,0,3,153,17,115,18,17,320
107031139,35,5,0,65,3,0,11,4,4,22,0,0,3,0,0,3,0,0,0,0,0,0,3,0,0,0,0,3,59,11,80,9,7,166
107031140,41,5,0,83,3,3,14,3,0,23,0,0,5,0,0,5,3,0,3,0,0,6,3,0,5,0,0,8,104,17,108,15,0,244
107031141,91,10,17,193,17,17,59,9,4,106,3,3,15,0,0,21,3,0,6,0,0,9,5,4,3,0,0,12,183,54,231,22,30,520
107031142,41,5,5,71,3,3,5,0,0,11,3,0,0,0,0,3,0,0,3,0,0,3,3,0,3,0,0,6,129,24,130,16,22,321
107031143,53,6,10,111,3,0,0,4,0,7,0,0,0,0,0,0,0,0,4,0,0,4,8,0,10,0,4,22,401,75,336,39,111,962
107041144,84,12,7,176,12,7,22,0,7,48,8,0,4,3,4,19,3,3,0,0,0,6,17,0,4,4,0,25,375,38,264,46,55,778
107041145,52,6,13,126,3,3,9,3,4,22,0,0,0,0,0,0,0,3,0,0,0,3,7,0,8,0,0,15,309,49,231,37,65,691
107041146,76,3,10,145,11,11,27,0,4,53,3,0,8,3,0,14,0,0,0,0,0,0,7,0,8,0,0,15,236,45,246,21,37,585
107041147,25,3,4,69,4,3,21,4,0,32,3,0,11,0,0,14,0,3,4,0,0,7,3,3,3,3,0,12,74,19,96,13,12,214
107041148,50,6,0,109,18,10,48,5,0,81,8,0,19,0,0,27,6,0,20,4,3,33,9,0,3,0,3,15,152,21,178,15,12,378
107041149,129,18,4,360,96,7,42,5,4,154,33,3,14,0,5,55,15,0,11,0,6,32,25,3,3,0,3,34,1154,42,554,51,48,1849
107041150,71,11,5,157,16,9,34,0,5,64,3,0,9,0,0,12,0,3,7,0,0,10,14,3,4,3,0,24,285,31,222,36,48,622
108011151,0,0,0,0,0,0,0,0,0,0,0,0,0,0,0,0,0,0,0,0,0,0,3,3,8,3,0,17,66,14,67,12,10,169
108011152,43,5,5,98,4,0,6,0,0,10,0,0,0,0,0,0,0,0,0,0,0,0,3,3,4,3,0,13,274,42,214,26,38,594
108011153,4,0,0,10,0,0,4,0,0,4,0,0,0,0,0,0,0,0,0,0,0,0,5,0,5,0,0,10,61,10,78,9,8,166
108011154,13,3,0,20,0,0,0,0,0,0,0,0,4,0,0,4,3,0,0,0,0,3,4,0,0,0,0,4,152,10,75,12,8,257
108021155,5,0,0,10,0,0,0,0,0,0,4,0,0,0,0,4,0,0,0,0,0,0,7,0,5,4,0,16,180,30,203,20,34,467
108021156,4,0,0,10,0,0,3,0,0,3,0,0,0,0,0,0,0,0,0,0,0,0,5,0,3,0,3,11,116,20,84,3,21,244
108021157,5,0,0,5,0,0,0,0,0,0,0,0,0,0,0,0,0,0,0,0,0,0,0,0,4,0,0,4,64,6,71,6,11,158
108021158,3,3,0,14,0,0,0,0,0,0,0,0,0,0,0,0,3,0,0,0,0,3,0,0,5,0,0,5,155,17,95,6,17,290
108021159,3,0,0,9,0,3,3,0,0,6,0,0,0,0,0,0,0,0,0,0,0,0,0,0,3,0,0,3,89,18,87,3,6,203
108021160,11,0,0,19,0,0,3,0,0,3,0,0,0,0,0,0,0,0,0,0,3,3,0,0,3,0,0,3,103,15,88,4,15,225
108031161,0,0,0,0,0,0,0,0,0,0,0,0,4,0,0,4,0,0,0,0,0,0,0,0,0,0,0,0,10,0,19,0,0,29
108041162,61,4,7,116,0,0,8,5,0,13,0,0,0,0,0,0,0,0,4,0,0,4,8,0,3,0,0,11,224,42,258,29,30,583
108041163,183,20,14,354,19,10,38,5,7,79,6,3,5,0,0,14,4,0,6,0,0,10,12,3,5,5,0,25,519,90,514,55,60,1238
108041164,85,3,11,163,17,4,11,3,0,35,4,0,0,0,0,4,3,0,0,3,0,6,14,0,8,3,0,25,355,32,268,30,42,727
108041165,4,0,0,14,0,0,0,0,0,0,0,0,3,0,0,3,0,0,0,0,0,0,0,0,3,0,0,3,70,9,52,6,6,143
108041166,33,0,3,53,0,3,5,0,0,8,0,0,0,0,3,3,3,0,0,4,0,7,10,0,4,0,0,14,145,30,178,18,21,392
108051167,5,0,0,5,0,0,0,0,0,0,0,0,0,0,0,0,0,0,0,0,0,0,3,0,3,0,3,9,77,16,77,9,6,185
108051168,27,8,3,64,0,0,3,0,3,6,0,0,0,0,0,0,4,0,0,0,0,4,7,0,4,0,0,11,163,25,169,26,20,403
108051169,15,0,0,29,0,0,5,3,0,8,0,0,0,0,0,0,4,0,0,0,0,4,10,3,3,3,0,19,366,56,326,26,60,834
108051170,8,0,0,11,0,0,0,0,0,0,0,0,0,0,0,0,3,0,0,4,0,7,6,0,8,0,0,14,172,32,125,20,29,378
108051171,3,0,0,6,0,0,0,0,0,0,0,0,0,0,0,0,0,0,0,0,0,0,0,0,4,0,0,4,64,14,57,6,6,147
109011172,52,11,0,84,3,3,7,0,3,16,0,0,4,0,0,4,0,0,3,0,0,3,0,0,5,0,0,5,229,22,239,17,12,519
109011173,17,0,3,28,0,0,0,0,0,0,0,0,0,0,0,0,0,0,0,0,0,0,3,0,0,7,0,10,148,31,143,12,19,353
109011174,12,3,3,40,4,4,9,0,0,17,3,0,3,0,0,6,4,0,0,0,3,7,5,0,6,0,0,11,267,21,153,19,15,475
109011175,3,0,4,7,0,0,0,0,0,0,0,0,4,0,0,4,0,0,3,0,0,3,6,0,9,3,4,22,127,17,149,14,12,319
109011176,5,0,0,5,3,0,3,3,0,9,0,0,3,0,0,3,0,0,3,0,0,3,8,0,5,0,0,13,296,17,220,16,28,577
109021177,0,0,0,3,0,0,0,0,0,0,0,0,0,0,0,0,0,0,0,0,0,0,6,0,4,0,0,10,64,7,62,4,4,141
109021178,3,3,0,6,0,0,3,0,0,3,0,0,0,0,0,0,0,0,0,0,0,0,0,0,4,0,0,4,108,11,109,8,12,248
109021179,0,0,0,0,0,0,0,0,0,0,0,0,0,0,0,0,7,0,0,0,0,7,4,0,3,0,0,7,81,12,66,6,10,175
109031180,0,0,0,0,0,0,0,0,0,0,0,0,0,0,0,0,3,0,3,0,0,6,3,0,4,0,4,11,107,6,83,5,7,208
109031181,5,0,0,8,0,0,0,0,0,0,0,0,0,0,0,0,0,0,0,0,0,0,3,0,3,0,0,6,105,9,96,4,4,218
109031182,3,0,0,6,0,0,0,0,0,0,0,0,0,0,0,0,0,0,0,0,0,0,3,3,0,0,0,6,113,14,83,9,8,227
109031183,4,0,0,4,0,0,0,0,0,0,0,0,0,0,0,0,0,0,0,0,0,0,8,3,9,0,0,20,135,17,105,8,15,280
109031184,6,3,0,20,3,0,0,0,0,3,0,0,0,0,0,0,3,0,0,0,0,3,4,0,0,0,0,4,107,9,81,3,9,209
109031185,0,0,0,0,0,0,0,0,0,0,0,0,0,0,0,0,0,0,0,0,0,0,5,0,11,7,0,23,146,25,126,16,14,327
110011186,89,8,6,152,0,3,9,3,0,15,0,0,3,0,0,3,3,0,0,0,0,3,9,0,13,0,3,25,449,57,439,36,47,1028
110011187,0,0,0,0,0,0,3,0,0,3,0,0,0,0,0,0,0,0,0,0,0,0,11,0,3,0,0,14,77,18,72,0,9,176
110011188,6,0,0,14,0,0,0,0,0,0,0,0,0,0,0,0,0,0,3,0,0,3,4,0,3,0,0,7,89,15,75,8,7,194
110011189,0,0,0,0,0,0,0,0,0,0,0,0,0,0,0,0,3,0,0,0,0,3,3,3,3,0,0,9,67,13,66,6,6,158
110021190,0,0,0,0,0,0,0,0,0,0,0,0,0,0,0,0,0,0,0,0,0,0,0,0,9,0,0,9,138,6,118,12,9,283
110021191,12,0,0,20,0,0,0,0,0,0,0,0,0,0,0,0,3,0,0,0,0,3,6,0,3,3,0,12,193,32,190,16,32,463
110021192,0,0,0,0,0,0,3,0,0,3,0,0,0,0,0,0,0,0,0,0,0,0,3,0,6,0,4,13,79,22,95,12,19,227
110021193,0,0,0,0,0,0,0,0,0,0,0,0,0,0,0,0,0,0,0,0,3,3,8,0,6,3,0,17,100,23,96,9,3,231
110021194,0,0,0,0,0,0,0,0,0,0,0,0,0,0,0,0,0,0,0,0,0,0,0,0,5,0,0,5,98,6,98,14,6,222
110031195,7,0,0,13,0,0,5,0,0,5,0,0,0,0,0,0,0,0,0,3,0,3,4,0,8,0,0,12,173,31,166,19,23,412
110031196,3,0,0,3,0,0,0,0,0,0,0,0,0,0,0,0,0,3,0,0,0,3,11,3,17,3,0,34,150,41,216,14,26,447
110031197,21,0,0,34,4,0,0,0,0,4,0,0,0,0,0,0,4,0,0,0,0,4,3,0,3,0,0,6,132,18,138,8,9,305
110031198,0,0,0,0,0,0,0,0,0,0,0,0,0,0,0,0,0,0,0,0,0,0,11,0,12,0,0,23,103,13,104,10,14,244
110041199,22,0,0,36,4,0,4,0,0,8,0,0,0,0,0,0,3,0,0,0,0,3,5,0,5,0,0,10,135,18,177,15,20,365
110041200,0,0,0,0,0,0,0,0,0,0,0,0,0,0,0,0,0,0,0,0,0,0,10,0,9,4,6,29,83,14,94,8,16,215
110041201,0,0,0,0,0,0,3,0,0,3,0,0,0,0,0,0,0,0,4,0,0,4,11,3,8,4,0,26,170,27,156,17,13,383
110041202,66,9,5,125,3,0,5,0,0,8,0,0,0,0,0,0,3,0,0,0,3,6,5,3,3,0,3,14,380,41,382,31,50,884
110041203,35,3,5,70,5,0,5,0,0,10,0,0,0,0,0,0,0,0,0,3,0,3,10,0,0,0,0,10,320,27,238,21,35,641
110041204,8,3,3,17,0,0,0,0,0,0,0,0,0,0,0,0,0,0,0,0,0,0,5,0,0,0,0,5,95,6,136,11,30,278
110041205,18,0,3,32,3,0,3,0,3,9,0,3,0,0,0,3,6,0,0,0,0,6,21,5,13,0,3,42,200,40,240,23,37,540
111011206,58,12,4,113,17,8,14,4,6,49,3,0,3,0,4,10,0,3,3,3,3,12,4,0,3,0,0,7,214,36,190,28,37,505
111011207,12,0,4,31,4,0,3,0,3,10,0,4,0,3,0,7,0,0,0,0,0,0,3,0,0,0,0,3,127,24,82,6,17,256
111011208,77,9,9,193,12,3,12,3,3,33,0,0,7,0,0,7,0,0,4,0,0,4,9,3,0,0,6,18,401,38,312,38,61,850
111011209,51,3,7,107,13,6,20,3,5,47,5,0,5,3,0,13,0,0,5,0,0,5,0,3,4,0,0,7,259,40,270,19,41,629
111011210,29,0,0,54,0,0,9,0,0,9,3,0,0,0,0,3,0,0,0,0,0,0,3,3,3,0,4,13,225,29,151,7,66,478
111011211,8,0,3,22,4,5,3,3,0,15,0,0,3,3,0,6,0,0,3,0,0,3,0,0,0,0,0,0,36,5,33,9,3,86
111011212,45,10,12,89,3,0,24,4,0,31,0,0,4,0,0,4,4,0,0,0,0,4,4,0,0,0,0,4,150,19,153,19,35,376
111011213,36,10,7,98,4,3,25,3,5,40,0,3,4,3,0,10,3,0,3,0,3,9,4,0,0,0,0,4,80,21,101,22,18,242
111011214,56,7,7,132,6,3,23,5,3,40,0,3,0,3,0,6,6,0,7,0,0,13,3,0,3,0,0,6,190,31,210,24,23,478
111021215,14,3,6,45,0,0,8,0,0,8,0,0,0,0,0,0,0,0,0,0,0,0,8,0,0,0,0,8,131,23,119,19,39,331
111021216,20,7,3,67,4,0,3,0,0,7,3,0,0,0,0,3,0,0,0,0,0,0,3,4,0,0,0,7,126,16,109,17,19,287
111021217,44,0,3,89,15,3,28,5,14,65,0,0,0,0,0,0,3,0,0,0,0,3,4,3,3,0,0,10,130,27,166,12,28,363
111021218,43,3,4,95,4,4,4,3,0,15,0,0,0,0,0,0,6,0,3,0,0,9,3,0,3,0,3,9,235,32,215,19,35,536
111021219,35,6,6,91,3,0,14,0,3,20,4,0,3,0,0,7,3,0,3,0,0,6,7,4,5,0,0,16,252,42,208,23,45,570
111021220,25,0,5,54,3,3,7,0,0,13,0,0,3,0,0,3,0,0,0,0,0,0,3,0,3,0,0,6,120,17,117,11,12,277
111021221,7,0,0,11,0,0,0,0,0,0,0,0,0,0,0,0,0,0,0,0,0,0,0,0,3,0,4,7,38,9,49,3,8,107
111031222,77,3,8,150,15,5,15,0,4,39,5,0,5,0,0,10,3,0,0,0,0,3,4,3,4,3,0,14,268,27,214,21,22,552
111031223,4,0,0,10,0,0,3,0,0,3,0,0,0,0,0,0,0,0,0,0,0,0,5,0,8,0,0,13,117,10,130,17,18,292
111031224,52,3,7,129,22,0,24,3,3,52,5,3,9,0,0,17,0,3,3,3,0,9,3,3,3,0,0,9,304,22,181,19,14,540
111031225,73,3,3,161,6,0,24,3,5,38,7,0,7,0,0,14,0,3,3,0,0,6,10,0,5,3,0,18,342,26,243,22,33,666
111031226,57,5,5,94,3,3,18,0,3,27,0,3,0,0,0,3,0,0,0,0,0,0,4,0,3,0,3,10,96,18,160,13,20,307
111031227,65,6,3,144,5,3,3,0,0,11,0,3,0,3,3,9,3,0,3,3,3,12,5,0,5,0,5,15,363,37,236,21,27,684
111031228,48,4,3,140,31,0,30,3,0,64,20,5,11,3,0,39,5,3,17,3,0,28,3,0,3,0,3,9,339,14,150,19,15,537
111031229,24,0,3,182,73,3,17,0,8,101,28,0,18,3,3,52,24,3,25,7,0,59,7,0,3,0,0,10,486,12,128,13,14,653
111031230,0,0,0,0,0,0,0,0,0,0,0,0,0,0,0,0,0,0,0,0,0,0,0,0,0,0,0,0,3,0,0,0,0,3
111031231,48,3,3,84,4,0,12,0,0,16,0,0,7,0,0,7,0,0,0,0,0,0,3,0,3,0,3,9,228,14,198,9,22,471
111031232,22,3,3,41,3,3,11,0,3,20,3,0,3,0,0,6,0,0,3,0,0,3,3,0,3,0,0,6,87,13,75,6,17,198
111031233,60,7,3,132,3,4,12,3,3,25,3,0,6,0,0,9,0,0,0,0,0,0,58,0,3,3,3,67,371,27,295,25,42,760
111031234,48,3,0,95,3,0,3,0,0,6,3,0,0,0,0,3,5,0,3,0,0,8,0,0,3,0,4,7,252,22,187,12,18,491
111031235,38,3,0,108,17,0,8,0,0,25,8,0,0,0,0,8,6,3,0,0,0,9,5,0,0,0,0,5,262,17,139,9,9,436
112011236,135,16,16,287,17,9,31,5,5,67,4,0,4,0,0,8,3,0,0,0,0,3,10,0,7,0,0,17,470,54,306,37,47,914
112011237,85,4,11,156,10,0,10,3,0,23,4,4,0,3,0,11,0,0,6,0,0,6,0,3,3,0,5,11,211,46,255,25,40,577
112011238,24,3,0,56,17,3,25,0,0,45,3,3,18,3,3,30,3,3,7,3,0,16,0,3,3,0,0,6,95,18,110,15,6,244
112011239,81,5,9,167,7,5,21,0,0,33,4,0,5,0,0,9,0,0,4,0,0,4,0,0,0,0,0,0,143,15,160,12,18,348
112011240,44,4,6,121,35,3,33,0,8,79,18,7,20,3,0,48,10,3,16,3,0,32,5,0,10,0,0,15,202,16,142,13,21,394
112011241,13,0,0,23,0,0,3,0,0,3,0,0,0,0,0,0,0,0,0,0,0,0,8,0,0,0,0,8,115,10,94,11,17,247
112011242,70,0,6,146,20,0,37,3,3,63,5,0,10,3,0,18,0,0,6,0,0,6,0,0,3,0,0,3,118,15,145,12,12,302
112011243,50,11,3,95,4,4,16,0,0,24,0,0,9,0,0,9,0,0,4,0,0,4,3,0,3,0,0,6,79,23,135,14,9,260
112021244,8,0,0,12,0,0,0,0,0,0,0,0,0,0,0,0,3,3,3,0,0,9,10,3,0,0,0,13,199,30,219,11,21,480
112021245,0,0,0,4,0,0,0,0,0,0,0,0,0,0,0,0,0,0,0,0,0,0,3,0,6,0,3,12,86,25,84,6,9,210
112021246,42,6,6,88,0,3,5,0,0,8,0,0,0,0,0,0,0,0,0,0,0,0,8,0,3,0,0,11,212,33,230,15,30,520
112021247,0,0,0,0,0,0,0,0,0,0,0,0,0,0,0,0,0,0,0,0,0,0,9,0,4,0,0,13,89,20,106,9,14,238
112021248,34,0,3,45,0,0,0,0,0,0,0,0,0,0,0,0,4,0,0,0,0,4,7,0,6,0,0,13,250,28,261,24,34,597
112021249,30,3,3,54,3,0,7,0,3,13,0,0,0,0,0,0,0,0,0,0,0,0,6,3,3,3,0,15,132,29,167,13,24,365
112031250,73,10,13,176,29,6,48,6,0,89,9,13,30,3,3,58,7,7,27,0,3,44,7,0,4,0,0,11,276,38,258,28,32,632
112031251,42,5,0,74,0,4,0,3,0,7,0,0,0,0,0,0,0,0,0,0,0,0,0,0,7,0,0,7,99,22,136,20,24,301
112031252,29,5,0,56,0,0,3,4,3,10,0,0,0,0,0,0,3,0,0,0,0,3,6,0,4,0,3,13,106,19,127,19,15,286
112031253,145,13,11,279,19,5,23,5,0,52,3,3,4,3,0,13,5,0,3,0,0,8,3,0,8,0,0,11,237,46,290,35,20,628
112031254,97,9,21,244,28,7,26,6,5,72,3,3,5,0,0,11,6,0,5,0,0,11,14,0,0,0,0,14,453,46,278,33,53,863
112031255,177,20,26,378,15,18,60,6,5,104,6,0,11,0,0,17,5,0,3,3,0,11,14,3,6,3,3,29,438,67,379,44,66,994
113011256,37,4,3,66,0,0,4,0,0,4,0,0,0,0,3,3,0,0,3,0,0,3,9,0,9,0,3,21,364,58,408,38,64,932
113011257,0,0,0,3,0,0,0,0,0,0,0,0,0,0,0,0,0,0,0,0,0,0,18,7,21,3,0,49,233,38,246,22,24,563
113011258,0,0,0,0,0,0,0,0,0,0,0,0,0,0,0,0,0,0,0,0,0,0,4,3,3,4,0,14,147,26,128,4,18,323
113011259,3,0,0,3,0,0,0,0,0,0,0,0,0,0,0,0,3,0,0,0,0,3,6,0,4,0,0,10,86,18,57,0,9,170
113021260,0,0,0,0,0,0,0,0,0,0,0,0,0,0,0,0,0,0,0,0,0,0,3,0,5,0,0,8,63,12,56,9,0,140
113021261,6,0,0,6,0,0,0,0,0,0,0,0,0,0,0,0,3,0,3,0,0,6,5,0,0,0,0,5,112,25,137,10,16,300
113021262,0,3,0,3,0,0,0,0,0,0,0,0,0,0,0,0,0,0,0,0,0,0,0,0,0,0,0,0,77,12,64,9,7,169
113031263,0,0,0,0,0,0,3,0,0,3,0,0,0,0,3,3,3,3,0,0,0,6,3,3,3,0,3,12,120,20,82,6,18,246
113031264,0,0,0,3,0,0,0,0,0,0,0,0,0,0,0,0,3,0,0,0,0,3,5,0,3,0,0,8,67,6,62,0,9,144
113031265,3,0,0,3,0,0,3,0,0,3,0,0,0,0,0,0,0,0,0,0,0,0,3,0,3,0,3,9,64,9,87,6,9,175
113031266,0,0,0,0,0,0,0,0,0,0,0,0,0,0,0,0,0,0,0,0,0,0,0,0,3,0,0,3,88,12,73,12,4,189
113031267,61,4,0,112,9,11,17,3,0,40,0,3,3,0,0,6,3,0,0,0,0,3,4,0,5,0,0,9,282,51,276,17,17,643
113031268,8,0,0,14,0,0,0,0,0,0,3,0,0,0,0,3,0,0,0,0,0,0,0,0,0,0,0,0,47,3,41,5,5,101
113031269,76,6,3,139,9,0,12,0,0,21,0,0,3,0,0,3,3,0,3,0,0,6,8,3,15,0,0,26,392,38,467,25,46,968
113031270,15,0,7,51,5,0,3,4,0,12,3,0,0,0,0,3,0,0,0,0,0,0,17,0,9,3,0,29,383,23,240,17,21,684
113031271,10,0,3,23,0,0,0,0,0,0,0,0,3,0,0,3,0,0,0,3,0,3,8,3,8,3,0,22,187,29,203,20,18,457
114011272,11,0,5,32,4,0,4,0,0,8,0,0,0,0,0,0,3,0,3,0,0,6,4,4,3,0,0,11,126,18,93,5,14,256
114011273,13,0,0,23,0,0,4,0,0,4,0,0,0,0,0,0,0,0,0,0,0,0,3,0,0,0,0,3,48,18,69,6,4,145
114011274,3,0,0,6,0,0,0,0,0,0,0,0,0,0,0,0,0,0,0,0,0,0,3,0,3,0,0,6,70,8,54,10,15,157
114011275,0,0,0,0,0,0,0,0,0,0,0,0,0,0,0,0,0,0,0,0,0,0,0,0,0,0,0,0,0,0,0,0,0,0
114011276,11,0,0,25,3,3,0,0,0,6,0,0,3,0,0,3,3,0,0,0,0,3,0,0,0,0,0,0,89,11,69,4,3,176
114011277,30,4,6,58,0,0,6,0,0,6,0,0,4,0,0,4,5,0,0,0,0,5,3,0,11,0,0,14,243,35,263,24,43,608
114011278,43,5,0,93,6,0,0,0,0,6,0,0,0,0,0,0,0,0,0,0,0,0,6,0,7,0,5,18,352,54,339,34,45,824
114011279,4,0,0,13,0,0,0,0,0,0,0,0,0,0,0,0,0,0,0,0,0,0,3,0,3,3,3,12,168,41,194,22,26,451
114011280,3,0,0,6,0,0,0,0,0,0,0,0,0,0,0,0,0,0,0,0,0,0,0,0,0,0,0,0,65,6,34,6,7,118
114011281,4,0,3,10,0,0,4,0,0,4,0,0,0,0,0,0,0,0,0,0,0,0,3,0,0,0,0,3,24,4,23,0,3,54
114011282,23,3,4,45,0,0,0,0,0,0,3,0,0,3,0,6,0,0,0,0,0,0,6,3,3,0,0,12,223,45,222,24,32,546
114011283,3,0,0,7,0,0,3,0,0,3,0,0,0,0,0,0,4,0,0,0,0,4,0,0,0,0,0,0,48,6,55,0,6,115
114021284,50,8,11,116,27,12,34,0,9,82,7,0,21,5,0,33,7,0,10,0,3,20,10,0,6,0,0,16,175,37,176,19,29,436
114021285,23,0,0,32,0,0,5,0,0,5,0,0,0,0,0,0,0,0,3,0,0,3,0,0,0,0,0,0,34,10,77,3,8,132
114021286,33,0,9,69,6,3,4,0,3,16,0,3,3,3,3,12,0,3,3,0,0,6,4,0,3,0,0,7,143,23,119,6,23,314
114021287,38,0,4,85,5,3,6,0,0,14,0,3,0,0,0,3,3,0,3,0,3,9,3,0,6,0,3,12,156,38,175,12,28,409
114021288,4,0,0,10,4,0,4,0,0,8,0,0,4,0,0,4,0,4,0,0,0,4,7,0,0,0,0,7,51,4,39,4,7,105
114021289,16,0,0,22,6,0,7,0,4,17,0,0,0,0,0,0,3,0,0,0,0,3,4,0,4,0,0,8,67,15,73,0,7,162
115011290,145,8,8,278,80,14,152,4,10,260,9,4,20,3,6,42,5,3,6,3,0,17,14,0,3,3,3,23,272,39,375,30,33,749
115011291,26,6,3,49,22,8,63,8,3,104,20,10,44,6,5,85,20,4,37,4,10,75,3,0,6,0,4,13,107,34,196,31,28,396
115011292,105,17,12,258,118,26,146,27,27,344,34,9,66,17,6,132,19,21,55,15,13,123,3,0,8,8,0,19,344,75,413,89,66,987
115011293,22,5,3,56,22,28,48,21,14,133,19,24,73,27,9,152,24,28,89,16,7,164,7,0,4,4,4,19,126,97,253,79,37,592
115011294,4,0,0,8,4,0,5,3,0,12,3,0,8,4,0,15,3,3,23,5,0,34,0,0,0,0,0,0,30,3,47,12,0,92
115011295,26,5,3,61,44,17,81,16,18,176,34,24,81,11,21,171,22,30,78,19,12,161,3,5,8,3,0,19,166,87,317,62,58,690
115011296,11,0,3,21,9,3,27,5,7,51,14,8,17,3,3,45,19,17,43,19,3,101,5,3,5,3,3,19,79,31,110,33,23,276
115021297,34,4,11,84,19,5,35,3,6,68,13,12,19,7,8,59,19,21,34,9,11,94,8,3,7,0,3,21,175,51,208,40,48,522
115021298,4,0,3,24,7,0,11,4,3,25,4,0,7,0,3,14,3,0,10,4,0,17,3,0,0,0,0,3,60,9,59,11,12,151
115031299,3,0,0,6,0,0,3,0,0,3,0,0,0,0,0,0,0,0,0,0,0,0,0,0,4,0,0,4,17,3,30,0,0,50
115031300,40,6,7,98,8,6,25,4,0,43,7,0,6,0,6,19,8,3,3,3,3,20,4,0,15,5,0,24,155,40,163,26,29,413
115041301,29,3,7,70,7,8,13,0,0,28,6,5,10,6,4,31,3,0,3,0,0,6,0,0,8,0,6,14,105,23,104,9,20,261
115041302,20,0,3,39,30,13,55,11,8,117,28,23,87,17,24,179,22,14,43,8,7,94,4,0,5,0,3,12,132,50,257,36,48,523
116011303,196,17,15,452,7,7,14,9,0,37,0,0,7,0,0,7,5,0,9,0,0,14,15,3,14,0,3,35,535,74,591,45,51,1296
116011304,141,18,10,267,5,7,11,0,3,26,3,0,3,3,0,9,0,0,3,0,3,6,6,0,10,0,3,19,281,52,332,45,61,771
116011305,248,28,32,490,11,10,33,3,6,63,0,3,5,0,0,8,5,3,5,3,0,16,18,3,17,0,0,38,405,127,610,67,78,1287
116011306,121,29,13,231,20,7,19,7,7,60,3,0,3,0,0,6,0,0,3,3,0,6,9,3,11,3,5,31,281,72,342,71,101,867
116011307,119,12,7,252,39,9,47,4,13,112,4,0,7,3,3,17,0,0,3,3,0,6,14,0,10,0,0,24,361,47,312,46,60,826
116011308,202,20,30,378,17,4,32,3,6,62,0,0,0,0,0,0,0,0,3,0,3,6,7,5,4,3,6,25,300,67,417,44,93,921
116021309,60,5,3,98,37,30,99,23,21,210,28,14,71,14,16,143,6,3,14,3,5,31,6,0,5,3,0,14,116,59,272,52,52,551
116021310,67,5,3,129,60,16,126,12,15,229,63,31,146,21,24,285,12,8,33,6,3,62,3,0,5,0,4,12,226,65,408,48,49,796
116021311,300,27,22,544,55,27,102,12,16,212,3,4,12,4,0,23,3,3,3,0,0,9,10,3,5,4,4,26,339,86,555,65,72,1117
116021312,58,5,12,123,10,5,16,3,5,39,3,0,3,3,3,12,3,0,3,3,4,13,12,0,9,3,0,24,169,42,191,31,43,476
116031313,32,0,6,54,3,3,3,0,0,9,0,0,0,0,0,0,0,0,3,0,3,6,10,6,12,4,9,41,299,111,389,50,140,989
116031314,95,11,8,162,0,3,6,0,3,12,0,0,0,0,0,0,0,0,0,0,0,0,6,0,0,0,0,6,83,24,156,20,29,312
116031315,177,12,28,328,4,4,12,3,7,30,0,0,0,3,0,3,3,3,3,0,0,9,3,0,11,0,3,17,158,79,326,32,70,665
116031316,19,6,0,41,10,3,13,0,3,29,0,3,0,0,3,6,0,3,3,0,0,6,13,0,11,0,0,24,297,106,377,43,126,949
116031317,114,9,17,228,0,6,5,3,0,14,0,0,0,0,0,0,0,0,9,0,3,12,14,3,19,4,6,46,451,138,737,72,111,1509
116031318,0,0,0,0,0,0,0,0,0,0,0,0,0,0,0,0,0,0,0,0,0,0,0,0,0,0,0,0,0,0,0,0,0,0
116031319,132,20,22,272,10,4,16,5,4,39,0,0,0,0,3,3,0,0,4,3,3,10,4,3,13,0,3,23,213,72,331,46,56,718
117011320,0,0,0,0,0,0,0,0,0,0,0,0,0,0,0,0,0,0,0,0,0,0,0,0,0,0,0,0,0,0,0,0,0,0
117011321,36,3,5,77,24,3,38,3,5,73,20,3,27,0,3,53,12,3,30,3,0,48,9,0,3,0,4,16,140,26,175,18,29,388
117011322,174,17,24,372,67,11,64,13,19,174,99,17,63,6,21,206,19,11,37,3,3,73,21,0,18,3,7,49,550,79,502,57,108,1296
117011323,86,11,13,198,16,7,16,3,7,49,26,3,27,3,3,62,7,0,23,3,7,40,7,0,3,0,3,13,309,36,279,39,56,719
117011324,0,0,0,0,0,0,0,0,0,0,0,0,0,0,0,0,0,0,0,0,0,0,0,0,0,0,0,0,0,0,0,0,0,0
117011325,0,0,0,0,0,0,0,0,0,0,0,0,0,0,0,0,0,0,0,0,0,0,0,0,0,0,0,0,0,0,0,0,0,0
117021326,152,14,18,462,129,11,78,9,8,235,92,0,51,5,5,153,31,3,26,3,3,66,28,3,5,3,4,43,893,47,500,54,66,1560
117021327,50,9,5,351,160,0,54,8,4,226,92,3,42,3,0,140,77,5,61,5,0,148,7,0,4,0,0,11,870,19,273,29,17,1208
117021328,22,5,3,76,76,0,26,3,0,105,19,3,11,3,3,39,16,0,9,0,0,25,3,0,4,0,0,7,206,3,89,14,9,321
117031329,13,0,0,175,168,0,9,0,0,177,147,0,6,0,0,153,239,0,34,5,5,283,12,0,3,0,0,15,842,0,73,5,5,925
117031330,23,0,3,253,339,4,56,4,3,406,218,0,68,3,4,293,129,3,55,8,3,198,13,0,3,0,3,19,1023,10,225,15,19,1292
117031331,25,0,9,240,247,0,37,3,5,292,185,0,32,3,3,223,197,6,85,10,7,305,17,0,8,0,3,28,1111,12,229,31,51,1434
117031332,45,0,0,378,357,5,64,6,0,432,254,0,56,0,0,310,160,6,57,11,6,240,19,0,7,0,0,26,1330,20,290,22,19,1681
117031333,12,3,0,307,262,0,22,0,4,288,217,0,21,0,7,245,362,0,87,10,9,468,19,0,0,0,0,19,1436,3,178,25,23,1665
117031334,34,0,0,190,354,3,58,0,3,418,330,3,52,6,4,395,449,3,125,25,17,619,39,0,8,0,6,53,1467,12,317,38,36,1870
117031335,19,0,0,251,255,0,38,4,0,297,175,0,19,3,0,197,137,0,17,0,0,154,15,0,3,3,5,26,1061,4,133,20,20,1238
117031336,25,0,4,267,315,4,19,3,0,341,232,0,15,3,0,250,244,0,50,5,6,305,21,0,3,0,0,24,1238,8,136,17,16,1415
117031337,16,3,0,139,276,0,39,5,3,323,244,0,29,0,6,279,745,7,118,23,15,908,62,0,3,3,3,71,1551,10,239,40,36,1876
117031338,30,5,6,200,297,7,74,5,10,393,359,6,97,6,6,474,176,3,61,6,12,258,26,0,12,0,3,41,1247,25,316,32,51,1671
118011339,59,3,0,225,262,0,68,3,11,344,203,0,53,4,0,260,234,15,161,8,8,426,19,0,8,3,0,30,976,15,378,30,25,1424
118011340,58,3,3,312,268,0,71,3,3,345,196,3,62,3,3,267,278,5,180,9,12,484,22,0,12,0,0,34,1112,11,414,21,24,1582
118011341,34,3,6,146,156,0,47,6,5,214,136,0,52,6,4,198,190,23,175,15,9,412,23,6,4,0,3,36,708,29,336,33,33,1139
118011342,0,0,0,0,0,0,0,0,0,0,0,0,0,0,0,0,0,0,0,0,0,0,0,0,0,0,0,0,0,0,0,0,0,0
118011343,29,3,4,177,241,3,62,3,5,314,223,3,66,3,0,295,307,31,297,35,26,696,32,3,10,3,4,52,1021,46,496,50,42,1655
118011344,22,4,3,89,109,0,55,0,11,175,46,9,30,3,8,96,73,19,111,14,8,225,12,0,11,0,3,26,334,28,246,30,36,674
118011345,4,0,0,130,117,0,24,3,0,144,98,0,23,5,0,126,271,11,162,12,7,463,11,0,3,0,0,14,737,14,243,26,7,1027
118011346,29,0,5,77,50,3,35,6,4,98,41,3,44,0,0,88,65,34,163,15,14,291,12,3,6,3,0,24,229,43,301,29,26,628
118011347,10,0,3,64,59,0,7,0,0,66,66,3,17,0,0,86,72,3,112,12,11,210,6,0,4,0,0,10,274,9,156,12,14,465
118021348,70,3,3,340,358,5,121,10,5,499,221,3,83,5,6,318,244,22,226,8,9,509,22,0,13,3,0,38,1267,36,611,49,34,1997
118021349,118,12,7,487,252,3,117,20,11,403,111,6,67,12,13,209,92,15,122,21,17,267,26,0,7,4,5,42,1020,39,511,69,62,1701
118021350,29,6,20,101,44,17,58,10,17,146,22,3,45,3,8,81,46,18,125,23,15,227,21,5,11,5,3,45,323,64,344,55,76,862
118021351,107,13,15,363,262,8,138,9,14,431,137,7,98,17,14,273,93,30,198,36,13,370,22,3,7,6,4,42,934,65,641,91,84,1815
118021352,155,16,16,580,558,13,186,28,15,800,176,4,102,12,4,298,117,13,181,30,16,357,37,0,10,0,0,47,1444,41,685,92,63,2325
119011353,495,43,49,899,32,24,67,12,12,147,12,8,15,0,5,40,7,5,10,0,0,22,31,7,23,5,7,73,688,140,1152,111,131,2222
119011354,114,17,28,256,15,17,42,5,10,89,3,3,12,3,3,24,0,0,5,0,0,5,9,3,3,3,4,22,260,98,281,51,89,779
119011355,0,0,0,0,0,0,0,0,0,0,0,0,0,0,0,0,0,0,0,0,0,0,0,0,0,0,0,0,0,0,0,0,0,0
119011356,96,16,15,169,11,14,46,3,5,79,4,4,12,3,0,23,0,0,4,3,0,7,0,0,0,7,0,7,83,45,210,38,30,406
119011357,173,23,23,314,21,28,78,12,11,150,6,10,38,0,4,58,6,3,10,0,0,19,14,7,25,8,4,58,264,148,475,81,87,1055
119011358,72,15,15,197,26,8,54,9,5,102,3,3,23,0,4,33,3,0,4,0,0,7,3,3,3,4,5,18,203,51,207,37,46,544
119011359,97,23,21,243,49,12,81,10,17,169,11,0,25,0,0,36,3,5,15,3,3,29,9,3,5,3,3,23,260,66,296,63,66,751
119011360,89,16,14,198,29,7,58,5,6,105,10,4,10,0,4,28,3,3,3,3,0,12,14,3,9,0,3,29,244,42,239,41,55,621
119011361,140,21,19,275,13,14,44,9,9,89,3,3,5,0,3,14,0,3,5,0,3,11,10,0,19,0,0,29,213,79,346,52,77,767
119021362,109,15,23,261,30,18,69,12,19,148,3,5,15,0,3,26,6,4,8,0,3,21,15,5,11,7,3,41,393,93,449,76,83,1094
119021363,263,45,45,627,72,19,92,6,21,210,16,5,19,6,7,53,13,0,6,5,0,24,28,4,18,4,11,65,979,112,864,133,153,2241
119021364,90,17,25,243,53,20,111,7,25,216,24,9,53,3,8,97,13,0,28,4,6,51,9,3,6,0,4,22,316,55,347,40,94,852
119021365,229,14,8,389,15,24,34,3,7,83,11,0,10,3,3,27,6,0,12,0,3,21,19,0,20,3,5,47,765,164,1409,68,70,2476
119021366,145,16,17,240,13,15,55,9,10,102,0,5,9,3,3,20,3,0,6,4,0,13,4,5,10,0,3,22,234,96,442,62,62,896
119021367,66,8,18,140,22,16,57,8,8,111,18,3,25,4,4,54,3,0,10,0,0,13,3,3,6,0,0,12,169,48,278,33,37,565
119031368,199,27,23,542,134,17,124,16,17,308,46,3,30,4,4,87,17,3,14,3,3,40,27,3,10,4,7,51,680,56,464,72,68,1340
119031369,179,18,22,434,41,12,78,14,21,166,22,3,25,10,7,67,8,6,18,0,5,37,11,0,18,4,3,36,589,61,540,66,72,1328
119031370,82,5,15,186,32,15,44,4,11,106,7,6,15,0,5,33,3,3,12,0,3,21,4,3,7,3,3,20,264,47,211,30,50,602
119031371,44,6,5,126,27,7,39,11,4,88,12,5,18,3,3,41,7,0,14,0,3,24,3,0,0,3,0,6,177,12,163,27,24,403
119031372,39,11,14,102,39,9,45,8,12,113,8,5,26,4,3,46,9,9,12,6,3,39,4,3,5,6,3,21,144,48,164,44,48,448
119031373,55,8,10,148,22,4,25,6,5,62,4,6,4,3,3,20,3,0,3,3,0,9,8,0,3,0,9,20,289,50,180,35,53,607
119031374,116,25,24,341,110,23,89,4,11,237,48,11,29,13,4,105,20,13,25,9,10,77,20,0,12,3,7,42,490,66,365,60,71,1052
119041375,81,3,9,249,129,9,79,3,4,224,56,3,21,3,3,86,22,3,11,0,4,40,9,6,8,0,6,29,443,38,273,18,30,802
119041376,248,26,33,568,57,29,84,14,14,198,17,7,38,0,6,68,11,6,13,0,0,30,7,3,11,0,3,24,543,94,553,56,77,1323
119041377,58,8,10,127,51,11,66,9,16,153,12,4,18,0,7,41,6,0,7,0,0,13,8,0,8,0,0,16,183,37,213,29,55,517
119041378,142,13,6,341,72,10,65,11,4,162,13,4,20,3,3,43,5,0,6,0,0,11,8,0,14,0,3,25,380,33,325,37,31,806
119041379,155,19,18,384,58,12,58,11,9,148,17,7,24,3,7,58,10,0,11,7,0,28,18,4,8,0,0,30,418,40,331,54,47,890
119041380,116,11,22,325,52,4,46,10,21,133,17,4,35,3,10,69,18,7,36,14,5,80,13,3,8,0,0,24,404,37,305,48,70,864
119041381,179,18,11,515,171,12,117,11,7,318,26,5,28,3,4,66,13,3,12,0,3,31,14,3,11,3,0,31,701,52,439,47,44,1283
119041382,83,9,17,216,60,0,58,7,15,140,19,4,25,8,7,63,23,5,32,5,5,70,10,0,5,3,0,18,321,29,271,38,50,709
120011383,39,7,5,123,54,8,69,9,14,154,79,13,71,10,6,179,117,19,145,20,22,323,4,3,5,3,0,15,401,49,369,57,52,928
120011384,78,7,3,200,254,12,149,13,13,441,226,10,126,14,15,391,60,4,56,19,4,143,21,0,7,4,0,32,777,31,486,64,35,1393
120011385,53,3,0,186,171,0,79,3,8,261,86,0,63,3,9,161,117,10,128,10,10,275,17,0,4,0,0,21,596,18,356,28,33,1031
120011386,69,6,12,237,239,12,139,7,11,408,127,12,123,5,10,277,80,10,105,15,8,218,4,0,13,3,4,24,702,47,484,48,59,1340
120021387,20,0,0,94,142,0,33,3,3,181,180,0,57,3,4,244,213,7,184,11,9,424,17,0,12,0,0,29,697,10,327,23,22,1079
120021388,58,4,4,249,226,4,100,6,4,340,209,0,127,3,10,349,172,11,205,9,11,408,19,0,3,3,0,25,969,21,546,28,35,1599
120021389,20,0,0,88,132,0,46,3,3,184,121,0,53,0,3,177,176,11,148,6,10,351,14,0,8,0,0,22,580,11,307,20,23,941
120031390,296,29,23,882,167,5,112,12,10,306,36,0,33,3,3,75,14,5,21,8,0,48,23,0,5,4,3,35,1136,50,633,68,59,1946
120031391,130,17,15,397,194,7,123,18,17,359,56,5,60,6,9,136,36,12,36,14,9,107,21,3,7,0,9,40,685,47,441,72,72,1317
120031392,49,5,10,152,28,3,25,4,5,65,10,0,14,6,4,34,5,3,11,0,0,19,7,0,4,0,0,11,206,24,146,20,36,432
120031393,83,8,11,230,56,10,71,12,3,152,13,4,35,4,0,56,12,0,14,6,4,36,11,0,5,0,0,16,359,31,303,43,36,772
120031394,105,12,7,372,107,4,62,4,4,181,39,0,44,0,3,86,20,3,36,5,3,67,10,0,3,0,0,13,607,24,352,29,31,1043
120031395,63,5,4,283,61,3,34,0,6,104,22,0,36,0,4,62,15,3,51,9,5,83,11,0,0,0,0,11,436,24,243,17,25,745
120031396,239,30,23,611,85,11,72,21,15,204,21,3,17,11,3,55,4,5,7,3,0,19,17,3,12,0,3,35,544,66,442,84,55,1191
120031397,154,15,23,488,268,11,141,32,20,472,67,17,37,16,12,149,33,16,48,19,5,121,28,3,8,8,3,50,858,73,463,105,79,1578
121011398,109,18,13,366,419,14,278,28,19,758,125,4,137,6,8,280,153,23,274,39,20,509,22,4,27,0,0,53,1057,53,874,102,69,2155
121011399,129,11,12,386,150,10,83,13,10,266,74,9,81,5,3,172,53,19,126,16,7,221,13,4,3,0,0,20,604,47,464,50,44,1209
121011400,98,3,10,294,136,4,65,14,3,222,57,4,75,11,3,150,72,29,198,20,10,329,15,3,14,0,0,32,529,50,488,57,38,1162
121011401,27,0,0,140,192,0,60,3,4,259,131,3,55,3,4,196,119,4,117,12,7,259,13,0,3,0,0,16,618,7,279,21,15,940
121011402,30,11,4,119,73,4,67,12,7,163,49,5,60,5,15,134,79,36,330,36,16,497,8,5,10,3,0,26,341,54,534,76,46,1051
121021403,51,7,7,103,43,14,80,11,11,159,12,8,36,6,4,66,5,3,16,6,3,33,3,0,3,3,0,9,141,31,207,33,31,443
121021404,30,3,7,76,15,0,47,3,3,68,9,4,10,3,0,26,3,0,3,3,0,9,4,0,0,0,0,4,86,10,120,15,13,244
121021405,449,42,24,1000,232,30,344,28,24,658,14,9,69,16,6,114,15,11,44,11,6,87,13,6,18,0,6,43,983,90,1032,114,83,2302
121021406,28,9,6,82,40,12,61,13,10,136,14,12,48,14,6,94,6,5,25,7,4,47,3,0,3,3,0,9,169,36,203,52,34,494
121031407,21,0,0,71,48,6,33,13,5,105,39,13,41,8,11,112,60,72,191,61,23,407,3,3,10,3,0,19,232,102,313,96,39,782
121031408,42,4,3,100,58,7,36,12,3,116,24,6,40,8,3,81,33,37,222,43,17,352,0,0,12,4,0,16,206,59,366,74,34,739
121031409,7,0,0,17,32,3,28,4,5,72,22,3,44,14,5,88,28,30,145,27,11,241,3,3,3,0,3,12,117,39,243,45,24,468
121031410,6,0,0,14,10,0,9,4,4,27,23,3,56,0,3,85,46,39,188,38,16,327,3,3,7,0,0,13,110,49,282,47,26,514
121031411,14,0,0,46,21,3,25,7,3,59,20,6,28,5,3,62,27,19,129,25,10,210,3,3,7,0,0,13,134,40,220,40,25,459
121031412,13,0,4,49,55,3,57,4,5,124,43,3,51,10,4,111,31,30,121,23,9,214,5,0,4,3,0,12,181,42,265,43,25,556
121041413,57,5,4,296,271,3,104,6,10,394,197,3,79,3,11,293,177,16,227,32,17,469,23,0,8,3,4,38,968,22,494,49,49,1582
121041414,66,10,3,399,378,6,102,0,7,493,192,0,64,3,3,262,198,10,146,23,13,390,11,0,14,3,0,28,1194,20,418,39,29,1700
121041415,57,3,3,351,223,0,98,3,9,333,117,3,64,3,3,190,190,48,455,41,20,754,11,7,17,0,3,38,909,66,720,53,44,1792
121041416,51,0,3,395,357,4,56,11,3,431,221,0,47,3,7,278,280,11,168,15,15,489,20,0,7,3,3,33,1415,15,353,32,31,1846
121041417,17,6,3,153,180,0,38,0,0,218,144,0,41,0,0,185,233,8,115,22,13,391,22,0,8,0,0,30,780,8,231,33,16,1068
122011418,46,3,3,119,71,3,41,4,4,123,41,3,33,3,7,87,74,37,251,24,7,393,3,0,12,0,0,15,314,55,420,40,30,859
122011419,66,4,3,297,328,8,69,5,0,410,264,5,79,0,4,352,396,21,277,20,10,724,17,0,14,5,0,36,1339,34,532,34,20,1959
122021420,18,4,0,54,24,0,19,4,4,51,19,0,32,11,5,67,32,24,135,21,10,222,4,0,4,0,0,8,142,31,234,40,19,466
122021421,17,0,3,27,12,3,14,3,0,32,7,3,14,3,0,27,19,11,55,5,7,97,6,0,5,0,0,11,76,17,121,11,13,238
122021422,25,3,3,94,39,5,42,7,7,100,19,4,25,6,8,62,49,24,98,20,10,201,6,4,5,0,0,15,217,40,208,36,31,532
122021423,43,3,5,112,72,3,73,3,7,158,44,12,73,8,9,146,57,23,144,27,24,275,12,0,11,3,3,29,297,42,387,47,54,827
122031424,12,4,3,27,24,3,28,5,10,70,15,6,38,6,8,73,33,18,68,10,7,136,12,0,3,0,0,15,148,33,168,38,40,427
122031425,9,0,3,26,9,3,13,4,0,29,4,3,27,3,3,40,8,0,36,5,6,55,3,0,4,0,0,7,63,6,105,12,12,198
122031426,232,22,19,723,270,14,150,8,23,465,85,11,75,11,13,195,57,10,113,17,5,202,20,4,12,0,4,40,1028,56,664,67,67,1882
122031427,8,0,0,24,19,0,26,3,4,52,17,8,39,5,4,73,24,23,112,12,14,185,4,0,5,4,0,13,88,36,199,29,22,374
122031428,15,0,0,21,21,4,24,3,5,57,16,3,39,7,7,72,49,38,191,24,17,319,4,0,7,0,0,11,127,51,303,44,35,560
122031429,73,7,3,311,224,4,90,6,9,333,83,4,53,4,3,147,100,18,151,12,8,289,10,0,3,0,0,13,729,36,418,36,23,1242
122031430,37,3,4,139,55,13,66,8,5,147,34,3,46,4,5,92,29,16,112,10,11,178,7,4,5,0,0,16,284,36,291,31,29,671
122031431,78,4,5,316,173,4,105,5,9,296,93,7,90,3,11,204,69,21,125,20,22,257,17,0,13,0,0,30,662,40,459,35,50,1246
122031432,3,0,0,6,10,0,7,3,0,20,0,0,3,3,0,6,4,8,23,7,6,48,0,0,4,0,0,4,23,8,47,17,9,104
123011433,32,3,7,94,9,0,20,3,0,32,0,0,8,0,5,13,3,3,3,3,0,12,3,3,3,0,4,13,113,24,101,15,25,278
123011434,60,7,11,127,29,19,78,8,14,148,8,9,17,9,5,48,0,0,5,0,0,5,0,4,0,3,4,11,153,54,217,33,41,498
123011435,166,20,35,335,28,29,102,15,19,193,3,0,7,3,4,17,3,0,3,3,0,9,6,0,6,0,4,16,198,72,370,47,77,764
123021436,86,10,15,168,8,7,6,0,0,21,0,0,0,0,0,0,0,0,3,0,0,3,15,7,8,3,6,39,316,110,380,55,113,974
123021437,86,9,11,191,16,11,29,3,14,73,3,0,3,0,0,6,0,0,0,0,0,0,9,0,10,0,0,19,303,49,297,29,52,730
123021438,75,11,14,153,0,5,8,4,0,17,3,0,4,0,0,7,3,0,0,0,0,3,11,3,8,0,9,31,199,97,361,42,84,783
123021439,0,0,0,0,0,0,0,0,0,0,0,0,0,0,0,0,0,0,0,0,0,0,0,0,0,0,0,0,0,0,0,0,0,0
123021440,81,6,15,160,16,5,18,3,3,45,0,0,6,0,0,6,3,0,0,0,3,6,6,0,9,3,0,18,239,48,285,35,55,662
123021441,58,3,13,128,3,3,4,0,3,13,0,0,0,0,0,0,3,0,3,0,0,6,5,0,6,3,3,17,226,30,225,18,58,557
123021442,68,12,14,133,10,4,10,3,0,27,0,0,0,0,0,0,0,0,3,0,0,3,15,0,11,0,5,31,334,83,383,57,130,987
123021443,74,9,16,153,3,0,10,3,4,20,0,0,0,0,0,0,0,0,4,0,0,4,8,4,4,3,0,19,223,62,294,33,86,698
123021444,58,5,14,114,4,3,13,5,6,31,0,0,5,0,3,8,0,3,3,0,0,6,0,3,8,4,4,19,210,51,278,29,93,661
123031445,9,3,5,29,0,3,5,3,0,11,0,0,3,0,0,3,0,0,3,0,0,3,4,0,4,0,0,8,32,9,63,9,5,118
123031446,12,0,4,23,3,3,11,3,3,23,5,0,0,3,0,8,3,0,7,3,0,13,6,4,0,0,0,10,58,19,68,15,26,186
123031447,45,6,10,92,4,8,13,0,10,35,0,4,3,0,0,7,3,3,0,0,4,10,6,0,11,3,0,20,173,34,224,20,37,488
123031448,25,0,8,43,7,0,6,0,3,16,3,0,4,0,0,7,3,0,3,0,0,6,0,4,5,0,0,9,67,15,89,4,11,186
124011449,18,0,0,26,0,3,3,0,0,6,0,0,0,0,0,0,0,0,3,0,0,3,0,0,0,0,0,0,71,6,79,6,5,167
124011450,64,10,7,118,11,4,23,6,3,47,4,7,8,0,0,19,0,0,8,0,0,8,5,0,5,0,3,13,151,26,225,40,21,463
124011451,0,0,0,0,0,0,0,0,0,0,0,0,0,0,0,0,0,0,0,0,0,0,0,0,0,0,0,0,0,0,0,0,0,0
124011452,40,0,0,73,10,0,14,0,0,24,3,0,0,0,0,3,3,0,0,0,0,3,3,0,3,0,0,6,195,18,175,12,21,421
124011453,33,6,5,65,3,0,3,0,0,6,0,0,0,0,0,0,0,0,0,0,0,0,4,0,0,0,0,4,110,11,122,13,9,265
124011454,90,12,6,162,13,4,23,3,3,46,0,0,6,3,0,9,3,0,4,0,0,7,10,0,3,0,3,16,208,32,244,23,18,525
124011455,32,3,3,59,4,6,5,3,0,18,3,0,3,0,0,6,0,0,0,0,0,0,0,0,0,0,0,0,87,16,95,6,3,207
124021456,0,0,0,0,0,0,0,0,0,0,0,0,0,0,0,0,0,0,0,0,0,0,0,0,0,0,0,0,0,0,0,0,0,0
124031457,64,8,14,141,7,0,5,0,0,12,0,0,0,0,4,4,0,3,0,0,0,3,0,0,5,0,5,10,141,37,182,24,48,432
124031458,56,5,9,134,8,10,19,0,8,45,4,0,7,0,3,14,3,4,0,0,0,7,7,3,11,4,3,28,200,67,262,17,69,615
124031459,58,6,8,125,4,3,23,3,3,36,4,3,5,3,0,15,0,6,0,0,0,6,3,3,3,0,0,9,142,42,177,15,21,397
124031460,171,10,25,332,41,17,60,9,12,139,8,8,11,0,6,33,3,0,3,4,0,10,4,3,11,3,3,24,230,64,415,34,55,798
124031461,89,7,10,172,4,3,12,3,4,26,3,0,0,0,0,3,0,0,0,0,0,0,6,0,7,0,0,13,261,44,246,24,48,623
124031462,79,10,5,160,3,4,6,0,0,13,0,0,4,0,0,4,0,0,3,0,3,6,10,0,11,4,0,25,370,49,418,45,50,932
124031463,22,3,4,53,4,0,9,0,3,16,7,0,0,0,4,11,3,0,6,0,0,9,0,0,4,0,3,7,74,17,71,6,20,188
124031464,41,5,11,106,4,0,4,0,0,8,0,3,0,0,0,3,0,0,3,0,0,3,3,0,3,3,3,12,364,27,296,27,54,768
124031465,15,0,3,25,4,0,9,0,0,13,0,0,3,0,3,6,0,0,3,0,0,3,0,0,0,0,0,0,29,7,45,0,9,90
124041466,79,7,13,172,10,3,7,0,0,20,3,0,0,0,0,3,3,0,0,0,0,3,4,0,4,0,4,12,291,33,297,27,48,696
124041467,78,9,16,190,11,0,9,4,9,33,0,0,6,0,3,9,4,0,4,0,0,8,9,0,15,0,0,24,323,54,350,33,68,828
124041468,14,4,4,35,3,0,11,5,6,25,6,3,3,0,3,15,0,3,4,0,0,7,3,3,3,0,0,9,64,20,76,9,23,192
124051469,41,7,5,74,3,3,10,0,0,16,0,0,0,0,0,0,0,0,0,0,0,0,0,3,4,0,0,7,40,16,77,13,14,160
124051470,104,15,11,205,7,3,13,3,4,30,0,0,4,0,0,4,0,0,6,0,0,6,13,4,13,0,4,34,152,43,251,33,36,515
124051471,138,17,21,287,3,3,5,0,3,14,0,0,0,0,0,0,3,3,4,0,0,10,16,3,12,0,4,35,459,107,491,48,96,1201
125011472,409,40,26,791,117,41,117,17,12,304,9,7,14,6,3,39,3,4,18,4,3,32,32,6,31,5,5,79,816,216,1140,111,110,2393
125011473,60,0,0,190,196,9,131,5,7,348,68,6,78,18,15,185,31,5,51,4,9,100,9,0,5,3,3,20,456,34,350,33,34,907
125011474,309,50,48,694,102,25,106,27,19,279,17,7,25,9,5,63,8,3,12,5,0,28,22,3,25,8,4,62,725,133,793,153,124,1928
125011475,0,0,0,0,0,0,0,0,0,0,0,0,0,0,0,0,0,0,0,0,0,0,0,0,0,0,0,0,0,0,0,0,0,0
125021476,130,20,9,261,57,39,145,34,19,294,35,14,60,11,11,131,11,9,36,3,3,62,19,3,14,3,0,39,299,96,465,92,45,997
125021477,153,23,28,352,57,6,90,13,9,175,15,3,26,7,4,55,3,3,6,8,0,20,10,3,11,0,0,24,351,64,385,74,84,958
125021478,117,12,16,237,41,8,67,11,11,138,11,8,24,10,0,53,10,9,16,4,4,43,8,3,5,3,0,19,308,53,290,58,54,763
125031479,125,17,19,235,14,16,36,5,4,75,3,3,4,0,0,10,0,0,0,0,0,0,10,3,18,4,0,35,229,99,298,59,57,742
125031480,81,14,12,157,6,8,14,0,5,33,3,4,3,0,3,13,0,0,4,0,4,8,9,0,12,4,0,25,267,66,289,49,61,732
125031481,186,25,22,380,29,11,37,4,8,89,3,3,3,0,0,9,3,0,8,0,0,11,14,3,17,3,3,40,409,63,459,57,52,1040
125031482,130,20,27,270,40,10,76,16,7,149,9,3,26,4,3,45,3,0,4,0,0,7,7,3,5,0,3,18,193,45,319,49,58,664
125031483,223,28,16,405,13,5,30,4,9,61,4,0,8,4,0,16,0,3,4,0,0,7,14,3,19,4,4,44,324,97,462,64,80,1027
125031484,180,22,34,352,15,9,36,3,3,66,6,0,3,0,4,13,0,3,3,0,3,9,6,5,15,3,3,32,327,68,449,50,72,966
125031485,317,40,39,691,33,21,71,19,9,153,7,3,13,3,3,29,15,0,9,0,0,24,17,3,17,0,6,43,687,116,802,109,109,1823
125031486,0,0,0,0,0,0,0,0,0,0,0,0,0,0,0,0,0,0,0,0,0,0,0,0,0,0,0,0,0,0,0,0,0,0
125031487,0,0,0,0,0,0,0,0,0,0,0,0,0,0,0,0,0,0,0,0,0,0,0,0,0,0,0,0,0,0,3,0,0,3
125041488,494,47,32,979,58,13,74,9,10,164,5,0,18,3,3,29,3,5,5,0,0,13,24,4,16,0,8,52,790,114,954,94,98,2050
125041489,316,37,32,791,108,14,75,8,14,219,32,0,5,0,6,43,11,0,9,0,4,24,27,0,12,0,3,42,989,71,720,83,88,1951
125041490,25,3,3,57,14,4,35,5,4,62,3,0,17,3,3,26,3,0,4,3,0,10,0,0,0,0,0,0,53,21,88,20,10,192
125041491,472,18,28,1093,88,5,84,10,8,195,12,0,14,0,0,26,5,0,7,0,0,12,16,0,12,0,0,28,881,39,774,45,53,1792
125041492,461,25,17,1129,135,4,94,3,7,243,37,0,15,0,0,52,14,0,9,0,0,23,41,3,26,3,0,73,1597,55,1262,63,51,3028
125041493,192,15,20,397,23,9,42,12,12,98,11,5,8,6,0,30,0,3,6,0,3,12,10,0,10,0,3,23,314,72,393,60,74,913
125041494,30,3,3,60,16,7,50,0,7,80,6,0,13,0,3,22,4,0,0,0,3,7,0,0,0,4,3,7,61,11,108,10,19,209
126011495,185,20,7,403,98,25,135,39,19,316,44,16,89,23,12,184,25,9,57,19,14,124,11,4,14,5,3,37,434,75,543,124,72,1248
126011496,49,16,3,137,37,18,72,14,12,153,30,9,33,8,12,92,11,16,60,14,5,106,3,0,8,0,0,11,184,56,254,64,41,599
126021497,133,15,13,308,83,11,112,21,14,241,39,5,70,13,9,136,11,12,46,9,6,84,14,0,8,3,5,30,452,49,451,82,53,1087
126021498,63,0,4,182,45,6,43,9,3,106,32,3,42,6,8,91,30,8,63,7,8,116,6,0,3,0,3,12,375,24,263,33,32,727
126021499,20,0,0,38,22,0,21,0,3,46,11,0,20,0,3,34,27,16,52,11,9,115,0,0,4,0,0,4,120,16,135,11,24,306
126021500,212,21,13,649,137,15,90,12,7,261,21,0,31,7,4,63,25,3,18,3,3,52,16,0,6,0,0,22,820,31,432,59,36,1378
126021501,23,3,3,52,28,7,67,5,14,121,20,3,49,5,4,81,7,11,42,0,0,60,4,0,8,0,0,12,154,24,210,25,28,441
126021502,154,23,23,437,118,11,146,12,9,296,51,10,78,11,13,163,40,8,70,9,8,135,15,3,15,0,8,41,708,62,588,64,86,1508
126021503,176,13,13,505,121,5,104,16,13,259,46,3,43,8,7,107,31,3,15,7,5,61,15,0,8,0,0,23,875,33,513,60,51,1532
127011504,83,13,24,164,6,0,3,0,0,9,0,0,0,0,0,0,0,3,3,0,0,6,14,5,16,6,4,45,280,97,327,64,112,880
127011505,43,10,13,109,18,10,35,3,5,71,3,5,6,6,6,26,6,0,0,0,0,6,5,0,9,0,0,14,128,49,183,23,47,430
127011506,18,4,6,56,10,0,17,3,6,36,3,4,4,3,0,14,3,0,4,0,3,10,3,3,3,0,0,9,88,14,91,13,27,233
127011507,226,33,43,458,23,31,58,21,21,154,4,4,14,6,4,32,3,0,5,0,3,11,8,3,13,5,7,36,189,143,409,95,108,944
127011508,106,8,20,204,31,25,72,20,21,169,8,5,12,3,5,33,0,0,0,4,6,10,0,0,8,3,0,11,139,59,238,50,66,552
127021509,66,16,21,157,7,12,20,3,3,45,3,0,3,0,3,9,0,0,0,0,3,3,12,4,11,4,5,36,159,63,180,66,104,572
127021510,107,24,35,255,6,9,37,14,12,78,3,3,8,3,3,20,3,0,3,5,0,11,4,3,8,0,9,24,129,70,216,62,90,567
127021511,74,7,23,161,8,3,10,0,3,24,0,0,6,0,4,10,3,3,3,0,3,12,18,5,17,4,4,48,461,94,527,81,122,1285
127021512,79,9,17,158,6,3,14,3,3,29,0,0,3,0,3,6,0,0,4,0,0,4,12,6,4,0,3,25,189,59,233,43,69,593
127021513,107,19,22,232,10,9,16,3,5,43,0,0,4,0,0,4,0,3,3,0,0,6,12,3,10,5,0,30,298,81,354,68,93,894
127021514,70,8,17,120,3,3,16,3,3,28,3,3,0,3,0,9,0,0,0,0,0,0,0,3,10,0,3,16,54,33,112,30,47,276
127021515,184,45,46,424,6,11,18,12,15,62,0,0,5,0,4,9,4,0,4,0,0,8,9,7,6,0,4,26,464,145,630,118,160,1517
127021516,190,39,61,432,16,17,21,15,9,78,0,0,0,3,0,3,0,0,4,3,0,7,6,3,7,3,6,25,219,116,347,89,108,879
127021517,46,11,8,113,3,3,10,3,8,27,3,0,3,0,3,9,0,3,0,0,0,3,3,0,0,3,5,11,74,39,100,36,51,300
127021518,10,3,3,26,0,0,0,0,0,0,3,3,0,0,0,6,3,3,3,0,0,9,0,0,6,0,0,6,29,15,37,9,12,102
127021519,129,24,34,303,14,9,22,9,6,60,0,3,7,3,3,16,0,0,0,3,0,3,8,0,8,0,4,20,240,86,273,60,96,755
127021520,62,8,16,137,3,4,9,7,9,32,3,0,0,0,0,3,3,0,0,0,0,3,0,0,9,0,0,9,71,45,119,27,48,310
127021521,0,0,0,0,0,0,0,0,0,0,0,0,0,0,0,0,0,0,0,0,0,0,3,0,0,0,0,3,3,0,0,0,0,3
127031522,114,17,29,242,19,12,48,17,16,112,3,3,11,3,3,23,0,0,0,0,3,3,8,0,8,0,0,16,175,60,274,51,73,633
127031523,75,15,10,158,29,7,43,4,15,98,4,0,10,3,0,17,0,0,3,3,0,6,6,0,5,3,0,14,149,25,191,42,47,454
127031524,107,15,20,240,78,18,80,11,10,197,9,6,14,3,6,38,3,3,4,0,3,13,7,7,20,0,0,34,327,86,513,50,53,1029
127031525,224,50,55,503,16,7,26,17,8,74,0,4,8,0,3,15,7,0,6,0,0,13,28,3,23,4,6,64,801,176,1083,160,193,2413
127031526,165,27,31,327,23,25,53,10,10,121,3,3,5,6,3,20,0,0,3,3,3,9,3,0,17,0,9,29,244,105,415,83,105,952
128011527,88,6,4,239,66,12,84,10,6,178,35,16,70,4,14,139,14,16,66,12,7,115,9,0,5,0,3,17,386,61,405,40,45,937
128011528,145,4,10,469,178,9,75,10,6,278,60,7,60,7,10,144,44,15,57,18,22,156,21,3,15,0,3,42,903,53,459,52,61,1528
128011529,54,4,10,173,32,5,45,7,5,94,22,4,31,4,3,64,8,3,38,4,13,66,5,0,0,3,0,8,228,22,199,29,42,520
128011530,108,13,21,292,67,4,83,12,8,174,23,9,29,4,0,65,7,4,24,4,3,42,8,3,3,0,0,14,377,37,305,38,46,803
128011531,43,7,3,108,28,7,52,4,10,101,20,5,25,3,8,61,26,11,44,11,9,101,9,3,3,0,0,15,186,29,205,32,33,485
128021532,69,7,9,141,18,15,93,12,11,149,13,3,32,3,3,54,5,3,19,3,3,33,3,0,4,3,3,13,141,34,259,34,35,503
128021533,21,0,0,31,3,3,17,3,4,30,0,0,5,3,3,11,0,0,0,0,0,0,5,0,0,0,0,5,28,10,55,6,7,106
128021534,8,0,5,13,7,4,15,3,3,32,5,9,14,5,5,38,6,3,25,6,7,47,4,0,0,0,0,4,31,19,65,14,20,149
128021535,51,13,10,110,35,14,49,7,7,112,6,0,34,9,9,58,13,9,24,7,8,61,4,0,4,0,0,8,130,34,188,44,46,442
128021536,39,4,3,95,47,3,58,8,7,123,10,0,35,4,3,52,10,6,34,4,0,54,3,3,4,0,3,13,177,27,197,31,25,457
128021537,0,0,0,0,0,0,0,0,0,0,0,0,0,0,0,0,0,0,0,0,0,0,0,0,0,0,0,0,0,0,0,0,0,0
128021538,160,10,16,496,45,8,61,11,6,131,15,4,35,3,9,66,3,3,14,3,0,23,9,0,9,0,0,18,553,36,354,39,44,1026
197979799,0,0,0,0,0,0,0,0,0,0,0,0,0,0,0,0,0,0,0,0,0,0,0,0,0,0,0,0,0,0,0,0,0,0
