region_id,C11_75_79_N_mar_M,C11_75_79_N_mar_F,C11_75_79_T_M,C11_75_79_T_F,C11_75_79_T_P,C11_80_84_Mar_RegM_M,C11_80_84_Mar_RegM_F,C11_80_84_Mar_DFM_M,C11_80_84_Mar_DFM_F,C11_80_84_N_mar_M,C11_80_84_N_mar_F,C11_80_84_T_M,C11_80_84_T_F,C11_80_84_T_P,C11_85o_Mar_RegM_M,C11_85o_Mar_RegM_F,C11_85o_Mar_DFM_M,C11_85o_Mar_DFM_F,C11_85o_N_mar_M,C11_85o_N_mar_F,C11_85o_T_M,C11_85o_T_F,C11_85o_T_P,C11_T_Marr_reg_marr_M,C11_T_Marr_reg_marr_F,C11_T_Mar_de_fa_mar_M,C11_T_Mar_de_fa_mar_F,C11_Tot_N_mar_M,C11_Tot_N_mar_F,C11_Tot_T_M,C11_Tot_T_F,C11_Tot_T_P
105051100,125,307,444,523,967,215,112,4,0,104,317,323,429,752,93,40,0,0,87,296,180,336,516,6983,7062,1093,1033,6231,7120,14307,15215,29522
105054800,106,294,336,443,779,132,72,3,5,105,242,240,319,559,66,25,3,3,63,243,132,271,403,7952,8104,3128,3151,6639,9493,17719,20748,38467
105055200,210,411,655,759,1414,277,141,3,0,147,344,427,485,912,135,50,0,0,102,313,237,363,600,10158,10216,4514,4559,12990,14896,27662,29671,57333
105057201,38,46,85,79,164,33,15,0,0,32,46,65,61,126,23,9,0,0,26,34,49,43,92,2196,2219,1064,888,5284,5334,8544,8441,16985
105057204,176,188,297,260,557,82,45,6,0,106,171,194,216,410,47,18,3,0,76,195,126,213,339,3520,3520,5078,3116,10982,9237,19580,15873,35453
105057205,196,284,392,430,822,127,61,0,3,115,210,242,274,516,59,20,0,0,73,215,132,235,367,5688,5724,4901,3557,12538,11499,23127,20780,43907
105057206,86,136,175,207,382,66,31,0,0,62,145,128,176,304,25,9,0,0,21,106,46,115,161,4215,4259,2834,2485,8083,8777,15132,15521,30653
105106550,313,862,1199,1480,2679,657,410,0,3,315,963,972,1376,2348,399,155,4,3,326,996,729,1154,1883,19221,19445,4949,5007,20594,24669,44764,49121,93885
105108050,152,394,499,648,1147,272,178,13,4,120,401,405,583,988,193,87,4,3,159,577,356,667,1023,8752,8870,3513,3360,9608,11414,21873,23644,45517
105108500,117,369,510,623,1133,298,180,11,9,124,438,433,627,1060,250,114,14,0,170,653,434,767,1201,8054,8179,2437,2102,6594,9849,17085,20130,37215
105154150,211,591,992,1169,2161,501,331,8,3,188,659,697,993,1690,336,135,4,4,217,778,557,917,1474,15939,16124,1503,1496,11675,14066,29117,31686,60803
105154450,107,334,634,703,1337,342,198,4,0,117,409,463,607,1070,222,113,0,0,141,474,363,587,950,11446,11553,1113,1089,8151,9682,20710,22324,43034
105156650,268,716,1188,1378,2566,633,329,3,3,260,686,896,1018,1914,350,167,3,3,264,906,617,1076,1693,18471,18607,2258,2186,15183,16832,35912,37625,73537
105157151,284,827,1350,1716,3066,880,607,15,7,284,1073,1179,1687,2866,485,246,3,3,324,1097,812,1346,2158,19511,19853,3144,3190,13838,16945,36493,39988,76481
105157152,201,538,938,1093,2031,521,325,8,4,198,621,727,950,1677,255,108,6,3,186,606,447,717,1164,23313,23624,2509,2575,13931,15922,39753,42121,81874
105200351,126,353,518,631,1149,291,129,7,3,122,385,420,517,937,159,74,0,0,106,382,265,456,721,11093,11141,529,551,9354,10514,20976,22206,43182
105200353,182,483,713,865,1578,409,267,0,6,181,545,590,818,1408,236,113,5,3,172,540,413,656,1069,12083,12135,768,763,10277,11488,23128,24386,47514
105200355,171,442,661,867,1528,401,250,0,3,175,563,576,816,1392,210,92,0,0,208,527,418,619,1037,10933,11015,1036,1067,7912,9325,19881,21407,41288
105201550,399,936,1691,1785,3476,839,453,7,5,326,899,1172,1357,2529,448,186,0,0,249,877,697,1063,1760,26355,26495,2121,2133,21750,22904,50226,51532,101758
105252851,350,905,1303,1559,2862,646,309,3,0,274,833,923,1142,2065,294,118,0,3,230,679,524,800,1324,20150,20244,1554,1567,20356,23057,42060,44868,86928
105252854,87,353,600,642,1242,266,121,6,3,105,325,377,449,826,124,37,3,0,74,251,201,288,489,14374,14455,707,708,11457,12429,26538,27592,54130
105254901,261,700,883,1103,1986,368,188,5,4,175,549,548,741,1289,145,63,4,3,132,391,281,457,738,18659,18836,1964,2028,15531,17297,36154,38161,74315
105254904,61,232,347,378,725,154,72,0,0,62,213,216,285,501,72,19,0,0,51,172,123,191,314,14934,15064,1113,1121,9740,10652,25787,26837,52624
105301450,76,237,401,442,843,168,95,0,0,76,238,244,333,577,93,53,3,0,59,244,155,297,452,11246,11372,1575,1631,6550,7594,19371,20597,39968
105301501,118,344,409,527,936,168,98,6,5,83,286,257,389,646,79,32,3,0,72,215,154,247,401,13229,13341,1822,1880,11308,12991,26359,28212,54571
105301504,137,359,495,583,1078,190,134,3,4,100,293,293,431,724,96,50,7,0,63,255,166,305,471,11943,12078,2086,2145,10368,12307,24397,26530,50927
105308400,79,195,353,381,734,144,80,5,0,63,182,212,262,474,77,43,3,0,49,187,129,230,359,8534,8665,1324,1371,5289,5657,15147,15693,30840
105350150,120,298,466,513,979,221,131,0,5,125,269,346,405,751,129,47,5,0,101,294,235,341,576,6956,7013,1386,1372,6522,7670,14864,16055,30919
105351300,77,254,338,430,768,215,117,0,0,76,269,291,386,677,115,46,0,0,80,257,195,303,498,5786,5861,564,560,5685,6467,12035,12888,24923
105351521,62,189,366,400,766,213,103,3,0,65,212,281,315,596,90,40,0,0,61,249,151,289,440,7731,7830,1037,1035,5522,6223,14290,15088,29378
105351524,103,303,430,576,1006,271,145,4,3,91,369,366,517,883,162,57,3,4,84,354,249,415,664,6852,6955,1389,1432,4739,6477,12980,14864,27844
105357100,85,227,331,394,725,174,86,0,0,57,204,231,290,521,81,43,3,3,78,253,162,299,461,6726,6784,535,537,5872,6035,13133,13356,26489
105400200,123,267,504,495,999,203,126,0,0,116,323,319,449,768,115,55,0,0,110,339,225,394,619,13632,13725,1032,970,12274,11506,26938,26201,53139
105403950,246,641,899,1066,1965,411,235,8,3,226,659,645,897,1542,208,90,3,3,175,611,386,704,1090,19186,19266,1569,1604,14756,16207,35511,37077,72588
105406251,68,158,217,283,500,119,63,0,3,47,170,166,236,402,58,28,0,0,55,220,113,248,361,8474,8454,1064,1050,8019,7612,17557,17116,34673
105406252,140,305,518,579,1097,284,162,7,3,105,361,396,526,922,133,71,0,3,118,384,251,458,709,9106,9170,820,848,6939,7947,16865,17965,34830
105406253,100,262,477,510,987,215,125,0,0,83,273,298,398,696,100,53,3,0,93,323,196,376,572,7939,7999,726,764,4986,5809,13651,14572,28223
105406254,82,199,276,325,601,135,82,3,3,55,201,193,286,479,89,34,0,3,62,217,151,254,405,6135,6171,379,376,5828,5847,12342,12394,24736
105450900,196,593,803,1012,1815,354,216,10,3,170,512,534,731,1265,188,91,4,3,161,588,353,682,1035,13916,14148,2517,2709,9463,11998,25896,28855,54751
105453800,116,311,473,559,1032,212,147,6,3,121,293,339,443,782,115,61,4,4,98,308,217,373,590,11195,11400,2015,2080,8416,9213,21626,22693,44319
105456351,178,452,631,748,1379,209,141,5,3,154,377,368,521,889,128,56,3,4,112,353,243,413,656,16745,16909,3001,3095,14788,15905,34534,35909,70443
105456354,151,417,580,688,1268,266,133,3,3,122,391,391,527,918,120,68,4,0,105,395,229,463,692,14994,15190,2667,2763,10684,12779,28345,30732,59077
105530751,159,353,509,588,1097,205,114,3,3,108,302,316,419,735,87,46,0,0,67,270,154,316,470,21012,21238,2252,2320,12629,13819,35893,37377,73270
105530752,246,747,899,1171,2070,389,220,6,3,223,569,618,792,1410,170,88,9,3,134,505,313,596,909,18448,18583,1985,2043,15032,16393,35465,37019,72484
105530753,150,463,562,692,1254,193,113,3,3,124,328,320,444,764,92,25,0,0,60,260,152,285,437,16275,16360,2247,2327,14923,17454,33445,36141,69586
105554100,34,91,150,173,323,97,69,0,0,29,114,126,183,309,64,25,0,4,46,157,110,186,296,2499,2528,298,284,1439,2009,4236,4821,9057
105554700,60,198,264,363,627,139,93,0,0,60,214,199,307,506,104,53,5,0,67,274,176,327,503,6072,6175,971,921,4024,5165,11067,12261,23328
105555350,57,200,249,340,589,166,105,0,0,62,220,228,325,553,124,62,0,0,75,325,199,387,586,5015,5177,877,856,2991,4710,8883,10743,19626
105555950,124,393,463,614,1077,181,123,8,3,128,374,317,500,817,141,61,3,3,119,465,263,529,792,9581,9711,3697,3535,9081,12345,22359,25591,47950
105556700,269,744,1142,1383,2525,634,398,3,0,258,886,895,1284,2179,353,171,0,0,275,913,628,1084,1712,19873,20071,2314,2326,15264,18691,37451,41088,78539
105558250,129,355,628,724,1352,387,216,5,0,129,430,521,646,1167,225,108,0,0,159,583,384,691,1075,13153,13382,1791,1715,8623,11337,23567,26434,50001
105604001,98,330,563,674,1237,355,242,4,0,120,372,479,614,1093,213,98,0,3,139,468,352,569,921,14592,14844,1097,1110,8245,9440,23934,25394,49328
105604004,173,576,996,1193,2189,570,384,3,0,190,611,763,995,1758,329,145,0,3,221,715,550,863,1413,19261,19590,1556,1580,11846,14269,32663,35439,68102
105604500,198,704,1454,1612,3066,884,647,15,0,237,862,1136,1509,2645,638,327,6,0,293,1106,937,1433,2370,24252,24867,1354,1324,11988,15925,37594,42116,79710
105607421,120,345,637,691,1328,319,153,0,6,79,346,398,505,903,141,63,4,0,87,317,232,380,612,16733,16998,1213,1252,8841,10463,26787,28713,55500
105607423,55,163,404,384,788,182,99,0,0,59,186,241,285,526,94,42,3,3,51,193,148,238,386,12240,12500,839,854,6205,6752,19284,20106,39390
105607425,63,195,359,393,752,164,88,0,0,70,173,234,261,495,78,34,0,0,58,193,136,227,363,9279,9449,591,595,5231,5944,15101,15988,31089
105655150,80,224,359,432,791,227,163,10,3,65,267,302,433,735,156,68,0,0,114,352,270,420,690,6994,7130,1874,1867,4933,5961,13801,14958,28759
105656370,115,361,606,753,1359,357,230,10,9,141,401,508,640,1148,227,102,4,4,163,497,394,603,997,11548,11755,1677,1726,6661,7875,19886,21356,41242
105658000,329,964,1528,1878,3406,866,583,11,5,322,1140,1199,1728,2927,541,268,9,3,443,1405,993,1676,2669,27475,27880,4472,4596,18100,21077,50047,53553,103600
105703101,197,677,973,1340,2313,647,454,17,10,218,721,882,1185,2067,412,229,12,4,276,789,700,1022,1722,13136,13351,1800,1882,8171,10646,23107,25879,48986
105703104,366,895,1243,1533,2776,584,406,17,11,369,945,970,1362,2332,360,204,3,4,321,1024,684,1232,1916,16006,16211,3331,3412,13858,17145,33195,36768,69963
105708551,349,732,1270,1425,2695,582,365,15,14,317,691,914,1070,1984,285,146,3,5,254,666,542,817,1359,13401,13632,2684,2800,10812,12980,26897,29412,56309
105708554,233,656,912,1201,2113,497,338,6,4,253,647,756,989,1745,296,137,3,3,229,687,528,827,1355,12041,12177,2447,2533,10201,13051,24689,27761,52450
110051720,141,345,518,610,1128,209,139,5,4,131,349,345,492,837,99,36,6,0,97,304,202,340,542,8479,8615,1993,2053,6880,7784,17352,18452,35804
110054651,234,572,917,1080,1997,459,320,8,6,213,551,680,877,1557,246,113,3,0,186,566,435,679,1114,11685,11917,1722,1783,8506,9965,21913,23665,45578
110054653,184,585,932,1165,2097,513,346,11,4,207,608,731,958,1689,307,145,4,0,194,575,505,720,1225,14591,14863,2501,2592,10018,11854,27110,29309,56419
110054655,219,428,865,915,1780,441,294,3,0,198,450,642,744,1386,250,142,3,5,171,455,424,602,1026,9750,9929,1656,1732,7168,8306,18574,19967,38541
110055050,140,402,647,792,1439,295,171,8,7,112,461,415,639,1054,152,86,7,0,111,425,270,511,781,12370,12663,2398,2484,8508,10084,23276,25231,48507
110055903,146,373,455,608,1063,219,170,5,5,167,426,391,601,992,130,60,5,0,142,436,277,496,773,6932,7068,2364,2426,9177,9501,18473,18995,37468
110055904,99,348,465,639,1104,220,176,5,3,111,363,336,542,878,159,68,3,0,111,356,273,424,697,7813,7919,1374,1431,6547,7459,15734,16809,32543
110055905,177,485,653,879,1532,361,293,5,0,198,556,564,849,1413,240,113,0,0,168,607,408,720,1128,8602,8746,1972,2061,8503,10142,19077,20949,40026
110056400,213,506,941,1048,1989,451,291,16,0,173,468,640,759,1399,228,109,4,3,161,476,393,588,981,12073,12317,2218,2264,8147,9462,22438,24043,46481
110102700,34,43,122,97,219,36,20,3,0,27,61,66,81,147,23,12,0,0,22,67,45,79,124,1675,1707,276,288,1100,1072,3051,3067,6118
110103050,22,56,81,115,196,60,26,0,0,15,66,75,92,167,24,11,0,0,20,41,44,52,96,998,1004,156,165,628,666,1782,1835,3617
110103320,237,358,874,896,1770,467,288,13,9,210,381,690,678,1368,216,122,7,3,153,402,376,527,903,6672,6779,1117,1149,4502,5332,12291,13260,25551
110105650,47,93,124,162,286,47,30,0,0,33,77,80,107,187,23,6,3,0,19,68,45,74,119,2529,2557,664,681,2138,1986,5331,5224,10555
110107000,48,86,184,187,371,76,55,0,3,32,112,108,170,278,39,16,0,0,22,81,61,97,158,4139,4232,870,897,3002,2694,8011,7823,15834
110107620,32,104,166,198,364,78,50,3,0,44,95,125,145,270,43,16,3,0,29,104,75,120,195,2480,2515,563,574,1774,1792,4817,4881,9698
115054400,58,166,317,369,686,183,101,5,3,54,184,242,288,530,89,55,0,0,80,222,169,277,446,4263,4352,512,541,2388,2825,7163,7718,14881
115056900,159,455,712,841,1553,350,197,8,6,157,438,515,641,1156,146,76,3,3,96,327,245,406,651,12013,12203,1904,1976,8516,9926,22433,24105,46538
115058451,326,805,1286,1580,2866,696,448,4,3,255,903,955,1354,2309,426,199,5,3,287,928,718,1130,1848,16915,17166,3132,3255,16512,17934,36559,38355,74914
115058454,284,735,1307,1468,2775,609,397,9,9,284,658,902,1064,1966,270,117,10,6,210,584,490,707,1197,17761,17993,2481,2531,12991,14218,33233,34742,67975
115076951,112,256,450,518,968,206,135,5,4,87,272,298,411,709,109,36,5,0,69,218,183,254,437,5423,5525,1078,1138,4349,5287,10850,11950,22800
115106952,328,623,1310,1370,2680,659,461,20,12,279,580,958,1053,2011,339,151,4,3,260,581,603,735,1338,11680,11872,1912,1980,7675,8767,21267,22619,43886
115108350,144,405,754,807,1561,366,208,7,0,116,366,489,574,1063,187,99,4,0,116,393,307,492,799,8635,8792,1322,1340,5098,6685,15055,16817,31872
120057554,308,737,1171,1479,2650,721,462,21,13,269,701,1011,1176,2187,369,183,10,6,293,719,672,908,1580,9504,9710,1735,1833,7527,9768,18766,21311,40077
120057556,41,63,163,166,329,77,32,3,0,17,51,97,83,180,26,17,3,0,10,40,39,57,96,1960,2016,487,533,1357,1578,3804,4127,7931
120074851,95,253,349,450,799,202,125,0,3,75,283,277,411,688,98,49,4,0,71,276,173,325,498,4597,4656,1171,1223,4579,5793,10347,11672,22019
120100250,135,398,597,762,1359,362,257,8,3,160,450,530,710,1240,239,110,9,5,160,451,408,566,974,7227,7345,1364,1427,5122,6590,13713,15362,29075
120101350,73,159,248,318,566,128,83,3,0,73,183,204,266,470,79,31,4,0,68,195,151,226,377,3972,4090,1426,1446,4484,5263,9882,10799,20681
120104550,37,68,133,150,283,57,28,0,3,24,80,81,111,192,32,11,0,0,28,71,60,82,142,1559,1593,386,397,1373,1367,3318,3357,6675
120104854,34,43,122,103,225,50,31,0,0,26,40,76,71,147,29,6,0,0,19,45,48,51,99,2111,2129,536,556,1748,1692,4395,4377,8772
120106611,47,130,177,231,408,94,47,3,3,32,137,129,187,316,40,23,0,0,41,149,81,172,253,1776,1791,396,414,1552,1969,3724,4174,7898
120106612,57,76,187,170,357,82,43,7,0,42,66,131,109,240,25,10,3,0,39,84,67,94,161,1986,2026,427,432,1545,1508,3958,3966,7924
120107558,76,136,277,277,554,127,65,6,0,63,123,196,188,384,73,37,3,0,53,175,129,212,341,3459,3533,780,787,2930,3197,7169,7517,14686
125011801,145,425,686,843,1529,375,206,8,11,148,381,531,598,1129,196,90,5,0,154,456,355,546,901,8514,8652,1734,1798,6793,8600,17041,19050,36091
125036381,170,462,851,1010,1861,486,322,13,3,154,514,653,839,1492,254,121,7,3,183,567,444,691,1135,7995,8136,1394,1428,5094,7203,14483,16767,31250
125050600,55,102,219,224,443,86,45,5,3,40,109,131,157,288,63,30,0,3,37,101,100,134,234,2106,2138,561,607,1649,2059,4316,4804,9120
125051736,118,188,455,432,887,190,112,5,4,94,192,289,308,597,101,46,4,0,63,185,168,231,399,3942,3971,747,782,2648,2942,7337,7695,15032
125051737,107,214,340,408,748,182,112,8,0,76,212,266,324,590,79,32,3,3,59,228,141,263,404,3941,3982,738,777,3107,3898,7786,8657,16443
125051738,25,24,63,54,117,17,9,4,0,11,27,32,36,68,7,4,0,0,7,23,14,27,41,1030,1059,257,265,944,780,2231,2104,4335
125051804,62,86,267,241,508,119,80,3,0,48,88,170,168,338,59,26,0,3,49,109,108,138,246,3432,3522,693,714,2369,2508,6494,6744,13238
125055700,116,194,358,383,741,154,126,10,5,83,205,247,336,583,132,61,9,5,87,197,228,263,491,3232,3265,681,724,2712,3128,6625,7117,13742
125103380,220,434,846,857,1703,401,248,10,7,181,410,592,665,1257,202,79,0,0,152,421,354,500,854,8518,8622,1567,1590,6045,7354,16130,17566,33696
125104350,125,226,439,405,844,175,128,3,0,121,214,299,342,641,104,45,0,0,92,231,196,276,472,4561,4616,962,1001,4027,4460,9550,10077,19627
125106385,143,279,621,651,1272,304,185,12,7,111,275,427,467,894,147,77,6,0,123,289,276,366,642,6084,6196,1003,1021,3748,4345,10835,11562,22397
125108859,3,0,6,3,9,4,3,0,0,0,0,4,3,7,0,0,0,0,0,3,0,3,3,60,64,12,14,35,36,107,114,221
130057311,118,347,561,651,1212,263,159,4,0,89,373,356,532,888,128,64,0,0,93,391,221,455,676,7513,7714,1521,1611,5569,7322,14603,16647,31250
130103550,52,106,186,197,383,71,48,0,3,40,103,111,154,265,32,11,0,0,28,104,60,115,175,2119,2148,416,423,1608,1736,4143,4307,8450
130103660,30,37,102,80,182,24,14,0,3,16,52,40,69,109,12,7,0,0,15,48,27,55,82,981,993,188,195,638,619,1807,1807,3614
130104201,18,33,73,69,142,33,10,0,0,9,31,42,41,83,10,3,0,0,10,18,20,21,41,1022,1043,158,162,578,503,1758,1708,3466
130104920,45,59,135,127,262,48,32,3,3,25,61,76,96,172,26,9,0,0,35,55,61,64,125,1368,1373,264,282,1043,1040,2675,2695,5370
130107314,56,83,185,161,346,78,40,0,0,46,83,124,123,247,33,4,0,3,25,77,58,84,142,2277,2325,339,342,1450,1472,4066,4139,8205
130150111,40,171,185,259,444,84,57,0,0,51,172,135,229,364,56,34,0,0,34,151,90,185,275,2709,2750,729,757,2576,3504,6014,7011,13025
130150112,10,19,44,42,86,17,8,0,0,14,4,31,12,43,13,4,0,0,3,8,16,12,28,901,929,86,84,471,438,1458,1451,2909
130153010,43,78,143,154,297,65,35,0,3,30,102,95,140,235,30,17,0,0,20,74,50,91,141,1527,1540,315,318,1146,1307,2988,3165,6153
130153650,15,33,51,68,119,29,9,0,3,18,44,47,56,103,13,4,0,0,11,27,24,31,55,762,771,174,178,581,576,1517,1525,3042
130154202,49,109,165,196,361,90,37,0,3,29,115,119,155,274,34,19,0,0,30,141,64,160,224,1865,1892,370,374,1463,1855,3698,4121,7819
130157400,30,58,116,102,218,36,26,0,0,16,65,52,91,143,16,7,0,0,19,50,35,57,92,1196,1207,211,225,912,973,2319,2405,4724
130157650,16,38,74,82,156,24,25,0,0,17,34,41,59,100,14,5,0,0,9,26,23,31,54,1184,1195,177,190,718,776,2079,2161,4240
130157850,8,33,43,50,93,18,8,0,0,15,30,33,38,71,6,6,0,0,7,27,13,33,46,641,640,87,92,368,372,1096,1104,2200
130205300,44,72,127,114,241,32,28,0,0,24,65,56,93,149,15,4,0,0,22,67,37,71,108,1960,1967,574,598,1823,1776,4357,4341,8698
130205750,56,103,161,184,345,59,44,0,3,33,88,92,135,227,46,18,0,4,21,66,67,88,155,2316,2336,459,469,1658,1675,4433,4480,8913
135012601,102,268,339,458,797,179,111,8,0,88,224,275,335,610,94,42,0,0,64,237,158,279,437,5542,5774,1312,1399,4355,5822,11209,12995,24204
135052604,10,7,42,33,75,23,10,0,0,9,9,32,19,51,7,5,0,0,6,7,13,12,25,694,732,90,102,394,338,1178,1172,2350
135052950,16,38,63,70,133,37,20,0,0,22,37,59,57,116,15,6,0,0,11,34,26,40,66,791,821,120,130,520,622,1431,1573,3004
135055271,74,133,251,271,522,105,66,0,0,54,133,159,199,358,43,17,0,0,50,117,93,134,227,3361,3425,734,745,2431,2462,6526,6632,13158
135055850,34,59,89,90,179,37,24,0,0,14,42,51,66,117,15,7,0,0,9,36,24,43,67,1110,1132,205,202,851,934,2166,2268,4434
135058020,63,88,164,187,351,82,46,0,0,35,80,117,126,243,41,20,3,0,20,85,64,105,169,1706,1718,312,325,1241,1283,3259,3326,6585
135058150,43,81,125,141,266,57,32,0,0,35,59,92,91,183,18,4,0,0,25,55,43,59,102,1288,1329,291,304,1132,1228,2711,2861,5572
135100950,17,18,47,40,87,13,10,0,0,9,22,22,32,54,5,0,0,0,6,13,11,13,24,470,486,88,99,381,364,939,949,1888
135102150,17,26,62,60,122,27,12,0,0,13,34,40,46,86,9,5,0,0,6,29,15,34,49,611,613,172,169,617,609,1400,1391,2791
135107900,45,31,81,45,126,22,14,0,0,41,31,63,45,108,8,3,3,3,14,15,25,21,46,788,784,317,309,1253,874,2358,1967,4325
135107950,8,29,34,48,82,12,6,0,0,9,20,21,26,47,3,0,0,0,9,16,12,16,28,502,500,103,99,402,339,1007,938,1945
135151150,15,15,31,25,56,9,8,0,0,5,17,14,25,39,3,0,0,0,0,12,3,12,15,345,348,133,133,353,387,831,868,1699
135151200,9,7,13,12,25,3,3,0,0,5,14,8,17,25,3,3,0,0,4,6,7,9,16,146,142,112,121,286,310,544,573,1117
135151750,8,26,37,48,85,18,6,0,0,9,25,27,31,58,0,0,0,0,8,22,8,22,30,693,709,249,248,667,532,1609,1489,3098
140030471,82,229,321,452,773,175,102,3,0,71,238,249,340,589,73,38,0,0,51,234,124,272,396,5189,5278,1211,1245,4274,5060,10674,11583,22257
140070473,13,21,39,47,86,18,10,3,0,15,21,36,31,67,9,3,0,0,8,19,17,22,39,1057,1084,178,184,672,609,1907,1877,3784
140070850,34,49,105,100,205,51,25,0,3,24,56,75,84,159,16,6,0,0,10,30,26,36,62,1292,1313,198,214,891,937,2381,2464,4845
140071400,65,103,207,201,408,79,50,3,0,41,70,123,120,243,29,22,0,0,27,83,56,105,161,2621,2656,393,406,1507,1522,4521,4584,9105
140074870,96,166,289,282,571,112,80,3,0,68,154,183,234,417,44,17,3,0,28,161,75,178,253,3422,3454,717,718,2944,3109,7083,7281,14364
140075274,14,31,58,63,121,21,11,0,0,13,30,34,41,75,9,5,0,0,11,28,20,33,53,591,599,132,135,475,496,1198,1230,2428
140076100,21,31,65,59,124,28,14,0,0,18,30,46,44,90,8,4,3,0,13,31,24,35,59,947,959,183,188,657,582,1787,1729,3516
140150800,21,46,96,103,199,55,25,0,0,19,61,74,86,160,23,14,0,0,17,50,40,64,104,1145,1157,187,195,731,695,2063,2047,4110
140152350,54,100,187,217,404,95,56,4,3,52,117,151,176,327,46,29,0,0,36,115,82,144,226,2232,2256,400,417,1671,1749,4303,4422,8725
140152900,41,92,142,171,313,52,36,0,0,35,90,87,126,213,29,11,0,0,23,74,52,85,137,1644,1667,280,289,1215,1313,3139,3269,6408
140154600,42,45,116,94,210,45,39,0,3,26,37,71,79,150,27,14,0,0,19,57,46,71,117,1166,1169,245,253,894,861,2305,2283,4588
140156200,73,123,208,236,444,105,63,0,3,61,123,166,189,355,57,32,0,0,30,122,87,154,241,2452,2498,476,489,1876,2118,4804,5105,9909
140158100,26,30,71,68,139,37,21,3,0,23,39,63,60,123,20,12,0,0,8,37,28,49,77,741,747,111,110,511,474,1363,1331,2694
140206150,106,279,422,524,946,174,112,8,0,66,291,248,403,651,95,55,3,3,85,287,183,345,528,6133,6280,1305,1350,4885,6037,12323,13667,25990
145056181,19,22,66,51,117,25,20,0,0,13,23,38,43,81,8,0,0,0,10,20,18,20,38,2198,2221,423,413,1068,1109,3689,3743,7432
145056470,76,185,262,306,568,127,70,0,0,55,179,182,249,431,38,15,0,0,53,205,91,220,311,6464,6604,1514,1513,5605,5799,13583,13916,27499
145101050,6,25,30,44,74,21,12,0,0,9,25,30,37,67,4,0,0,0,3,24,7,24,31,459,456,67,68,333,345,859,869,1728
145103311,81,201,238,336,574,138,86,0,3,66,209,204,298,502,68,44,0,0,46,182,114,226,340,3334,3391,769,783,2900,3607,7003,7781,14784
145103314,33,30,100,77,177,29,17,0,0,17,16,46,33,79,11,3,0,0,10,17,21,20,41,1309,1333,237,233,819,685,2365,2251,4616
145103700,18,31,50,73,123,25,11,0,0,19,33,44,44,88,16,6,0,0,10,30,26,36,62,700,714,113,119,444,493,1257,1326,2583
145106184,20,20,49,40,89,19,3,0,0,10,22,29,25,54,6,0,0,0,3,24,9,24,33,675,662,143,148,433,427,1251,1237,2488
145107640,39,70,133,134,267,48,28,4,3,30,46,82,77,159,19,9,3,0,23,49,45,58,103,1495,1502,187,205,935,910,2617,2617,5234
145108710,30,63,142,136,278,77,37,4,0,31,72,112,109,221,25,21,0,0,29,60,54,81,135,2993,3049,546,594,1584,1674,5123,5317,10440
145108750,57,115,158,191,349,64,39,0,0,46,124,110,163,273,34,16,0,0,32,122,66,138,204,2118,2154,407,412,1530,1811,4055,4377,8432
145150550,137,259,529,544,1073,232,156,5,3,108,260,345,419,764,137,53,0,3,102,256,239,312,551,5935,6022,1346,1405,3967,4534,11248,11961,23209
145152750,186,330,728,728,1456,351,212,12,6,171,341,534,559,1093,168,100,0,3,132,331,300,434,734,6739,6820,1278,1322,4563,5204,12580,13346,25926
145201000,12,25,35,38,73,11,13,0,0,12,20,23,33,56,13,8,0,0,14,24,27,32,59,455,449,93,88,354,313,902,850,1752
145202050,37,77,150,135,285,47,29,0,0,34,95,81,124,205,45,20,0,0,26,87,71,107,178,1742,1769,354,358,1282,1399,3378,3526,6904
145207050,16,30,68,65,133,29,16,0,4,17,18,46,38,84,5,3,0,0,13,25,18,28,46,1119,1128,280,292,881,746,2280,2166,4446
150057751,121,367,511,686,1197,246,160,4,3,130,382,380,545,925,159,74,0,0,107,386,266,460,726,8878,9056,1927,2036,7151,8840,17956,19932,37888
150102000,19,37,64,75,139,38,22,0,0,17,23,55,45,100,18,8,0,0,5,36,23,44,67,815,824,96,103,457,520,1368,1447,2815
150102200,26,46,128,129,257,68,47,0,0,24,96,92,143,235,23,8,0,0,18,80,41,88,129,1440,1467,195,204,860,1081,2495,2752,5247
150103500,15,29,50,55,105,20,13,0,0,10,30,30,43,73,17,9,0,0,8,31,25,40,65,681,696,152,161,492,438,1325,1295,2620
150104300,18,38,60,68,128,21,6,0,0,17,40,38,46,84,12,5,0,0,9,41,21,46,67,937,946,160,171,654,690,1751,1807,3558
150104950,11,17,53,34,87,32,18,0,0,16,21,48,39,87,10,4,0,0,12,27,22,31,53,633,619,65,64,394,329,1092,1012,2104
150105800,34,51,101,94,195,44,26,0,0,27,63,71,89,160,13,14,0,0,20,53,33,67,100,1017,1030,160,162,818,867,1995,2059,4054
150107350,35,63,109,119,228,46,24,0,0,20,81,66,105,171,20,8,0,0,17,77,37,85,122,1121,1141,146,149,765,821,2032,2111,4143
150107500,39,75,160,146,306,68,42,3,4,45,90,116,136,252,40,17,3,3,19,89,62,109,171,1945,1969,467,477,1477,1426,3889,3872,7761
150107754,14,17,56,35,91,22,13,3,0,8,16,33,29,62,10,6,0,0,8,14,18,20,38,1032,1054,125,131,557,496,1714,1681,3395
150151600,6,18,30,31,61,16,9,0,0,10,14,26,23,49,5,3,0,0,3,10,8,13,21,474,470,93,101,385,265,952,836,1788
150153450,74,165,291,331,622,162,85,0,3,60,173,222,261,483,89,36,0,0,39,163,128,199,327,4539,4590,661,671,3132,3290,8332,8551,16883
150153850,23,27,62,51,113,16,6,0,0,13,25,29,31,60,7,0,0,0,9,19,16,19,35,508,525,102,103,403,415,1013,1043,2056
150154750,32,86,132,166,298,47,17,0,0,22,87,69,104,173,16,8,0,0,30,64,46,72,118,1828,1854,335,347,1335,1491,3498,3692,7190
150155550,12,8,36,27,63,10,5,3,0,7,12,20,17,37,5,4,0,0,0,5,5,9,14,396,391,85,86,328,256,809,733,1542
155050050,124,349,496,650,1146,283,159,3,3,126,354,412,516,928,128,73,3,0,82,363,213,436,649,7901,8080,1648,1711,6618,8170,16167,17961,34128
155053341,8,12,28,29,57,13,6,0,0,6,15,19,21,40,6,0,0,0,5,15,11,15,26,797,816,99,100,428,403,1324,1319,2643
155102300,68,87,232,231,463,117,66,5,0,49,95,171,161,332,55,18,0,3,40,106,95,127,222,2205,2239,368,375,1418,1408,3991,4022,8013
155103342,23,53,76,103,179,45,31,0,0,32,52,77,83,160,26,7,0,0,28,49,54,56,110,1174,1181,153,150,823,802,2150,2133,4283
155107450,20,27,53,57,110,10,11,0,0,12,24,22,35,57,15,3,0,0,13,27,28,30,58,628,637,124,133,428,361,1180,1131,2311
155107700,10,8,24,23,47,11,0,0,0,0,13,11,13,24,3,0,0,0,8,6,11,6,17,230,226,38,38,165,115,433,379,812
155150650,38,69,157,143,300,86,51,3,0,30,74,119,125,244,48,24,0,0,28,70,76,94,170,1567,1581,253,255,1053,1077,2873,2913,5786
155151860,0,8,10,11,21,4,4,0,0,4,4,8,8,16,4,0,0,0,3,3,7,3,10,330,326,56,56,191,116,577,498,1075
155152500,26,82,119,148,267,64,42,3,0,38,66,105,108,213,24,5,0,0,33,90,57,95,152,1200,1215,253,254,984,1191,2437,2660,5097
155154250,3,9,14,14,28,12,18,0,0,12,6,24,24,48,12,4,0,0,0,12,12,16,28,299,292,38,35,190,154,527,481,1008
155155500,31,66,132,136,268,62,35,3,0,32,58,97,93,190,26,15,0,0,21,43,47,58,105,1391,1418,237,246,834,852,2462,2516,4978
155157800,17,36,69,63,132,30,31,3,0,22,39,55,70,125,19,8,0,0,19,20,38,28,66,806,813,124,131,501,417,1431,1361,2792
155200300,11,15,34,25,59,11,6,0,0,6,14,17,20,37,4,0,0,0,5,15,9,15,24,411,415,85,88,275,280,771,783,1554
155208200,23,34,77,86,163,39,21,0,0,28,24,67,45,112,10,9,0,0,16,39,26,48,74,1233,1262,236,247,875,799,2344,2308,4652
160101250,83,211,284,363,647,145,88,6,0,79,209,230,297,527,58,28,0,0,54,157,112,185,297,2881,2945,692,726,2683,3135,6256,6806,13062
160101700,9,12,13,15,28,3,0,0,0,4,12,7,12,19,0,3,0,0,3,7,3,10,13,236,230,107,107,365,298,708,635,1343
160108809,3,6,6,6,12,0,3,0,0,0,3,0,6,6,0,0,0,0,3,0,3,0,3,131,141,22,22,104,50,257,213,470
185019779,0,0,0,0,0,0,0,0,0,0,0,0,0,0,0,0,0,0,0,0,0,0,0,0,0,0,0,0,0,0,0,0
