region_id,C11_Tot_res_Bo_par_bo_os,C11_Tot_res_Fa_onl_bo_os,C11_Tot_res_Mo_onl_bo_os,C11_Tot_res_Bo_pa_bo_Aus,C11_Tot_resp_Bplace_ns,C11_Tot_resp_Tot_resp,C11_T_P_BP_B_OS,C11_T_P_Fa_only_bor_os,C11_T_P_Mo_O_B_OS,C11_T_P_BP_B_Aus,C11_T_P_Bplace_NS,C11_T_P_Tot_resp
105051100,24465,3552,2559,14637,3214,48427,22136,2218,1582,10740,3014,39690
105054800,22996,8134,5423,30607,3587,70747,18889,4838,3179,21194,3325,51425
105055200,39120,9995,6905,36891,6795,99706,34154,5915,4044,25128,6375,75616
105057201,18875,1409,1097,8176,8121,37678,17219,874,652,5684,8041,32470
105057204,24547,5269,3785,22941,8141,64683,20659,3147,2252,15652,7949,49659
105057205,29951,6202,4282,25479,6794,72708,25889,3689,2566,17533,6537,56214
105057206,23817,4038,3189,17578,6493,55115,20836,2403,1861,11985,6317,43402
105106550,70066,13835,10011,56873,12988,163773,61558,8432,6046,40555,12340,128931
105108050,34931,8100,5685,24965,7791,81472,29357,4969,3456,17467,7481,62730
105108500,24499,7227,5062,25969,6145,68902,20190,4472,3098,18063,5842,51665
105154150,48155,6522,4322,30510,4335,93844,44802,4244,2745,22450,4054,78295
105154450,34516,4933,3390,20981,3294,67114,32184,3259,2176,15370,3118,56107
105156650,64495,8174,4986,28348,8089,114092,59653,5532,3269,20979,7669,97102
105157151,29467,12542,8817,75948,5687,132461,25364,7741,5401,56271,5203,99980
105157152,29807,14193,9656,86396,4908,144960,25492,8602,5868,63806,4435,108203
105200351,47561,4546,2314,7814,6157,68392,44514,3553,1769,6018,5983,61837
105200353,43285,6147,2904,18122,5566,76024,40171,4461,2089,13813,5343,65877
105200355,23389,5821,3640,32167,3378,68395,21303,3731,2269,23943,3112,54358
105201550,100322,9796,5879,28446,11916,156359,93897,6753,3946,21057,11363,137016
105252851,96679,5257,3235,16773,9152,131096,89950,3676,2253,12829,8706,117414
105252854,55878,4500,2604,12552,4079,79613,51663,3094,1790,9515,3806,69868
105254901,63146,8495,4970,38263,10111,124985,58331,5711,3257,28903,9659,105861
105254904,51349,6555,4032,20290,4561,86787,47302,4468,2660,15280,4295,74005
105301450,15805,7730,4880,42664,2970,74049,13642,4781,2979,32090,2695,56187
105301501,37172,7405,4991,37830,5999,93397,33269,4609,3102,28446,5512,74938
105301504,27276,7846,5399,45186,5660,91367,23883,4814,3299,33644,5217,70857
105308400,9545,5461,3736,35390,2378,56510,8032,3320,2261,26785,2162,42560
105350150,25166,4248,2729,15463,3476,51082,22924,2578,1648,10631,3315,41096
105351300,23158,2307,1542,8051,2410,37468,21781,1520,997,5786,2332,32416
105351521,23549,3574,2406,14888,3301,47718,21729,2299,1485,10643,3195,39351
105351524,17536,4664,3022,19079,2411,46712,15530,2939,1839,13520,2249,36077
105357100,25793,2031,1530,7170,2980,39504,24384,1382,1005,5262,2900,34933
105400200,58538,3318,2300,9695,8006,81857,55157,2367,1603,7158,7825,74110
105403950,64570,8005,4838,30137,7851,115401,59924,5518,3167,22542,7469,98620
105406251,35699,2554,1992,10821,6024,57090,33424,1648,1258,7881,5879,50090
105406252,26594,4130,2914,19213,2634,55485,24618,2565,1826,13951,2478,45438
105406253,19483,3890,2646,18933,1955,46907,17691,2414,1612,13881,1796,37394
105406254,24644,2958,1374,6420,3835,39231,23120,2286,1016,4902,3697,35021
105450900,19778,12113,7860,60117,5347,105215,16006,7088,4634,42415,4833,74976
105453800,13554,7771,5534,51397,4247,82503,11381,4779,3351,38614,3895,62020
105456351,36409,11430,7238,60838,7521,123436,32121,7165,4473,45976,6995,96730
105456354,24151,10894,7247,60052,4995,107339,20801,6632,4401,44895,4527,81256
105530751,54307,10418,7130,49854,5418,127127,48894,6464,4321,37391,5002,102072
105530752,58359,7985,5433,39830,6378,117985,53412,5037,3417,29684,5898,97448
105530753,56732,8268,5464,42217,8436,121117,51431,5189,3461,32433,7861,100375
105554100,5157,1947,1310,8436,657,17507,4492,1198,806,5924,600,13020
105554700,14996,4469,3274,18130,1599,42468,12811,2656,1978,12656,1488,31589
105555350,12211,3749,2757,15770,2168,36655,9948,2256,1643,11073,2059,26979
105555950,30939,7561,5723,32341,6135,82699,26237,4484,3349,22331,5890,62291
105556700,60640,10039,6922,43050,6431,127082,55807,6183,4242,30748,6104,103084
105558250,38518,7675,5934,29762,4027,85916,34452,4607,3577,20976,3808,67420
105604001,29752,8328,5895,39500,2681,86156,26007,5009,3548,28558,2436,65558
105604004,47853,9370,7067,45608,3862,113760,43283,5680,4226,32302,3538,89029
105604500,54016,14008,10923,58854,5078,142879,46517,8389,6524,41798,4651,107879
105607421,37528,8097,5675,38783,2918,93001,33818,4969,3457,28374,2654,73272
105607423,23822,6707,4432,33322,2230,70513,20952,4158,2759,24753,2046,54668
105607425,22526,3813,2711,19248,1675,49973,20757,2414,1669,13866,1527,40233
105655150,18595,5459,4265,21989,3035,53343,15216,3281,2520,15612,2869,39498
105656370,19124,8425,6274,38751,3090,75664,15742,5075,3783,28271,2793,55664
105658000,59236,20011,14443,83354,8017,185061,49960,12094,8657,60771,7290,138772
105703101,15441,8410,5823,53950,4403,88027,12756,5099,3521,39907,4014,65297
105703104,22568,12176,8047,76690,7797,127278,18689,7348,4901,56695,7144,94777
105708551,13999,8758,5581,67775,5388,101501,11703,5405,3450,51356,4938,76852
105708554,13263,8419,5775,61738,5177,94372,11062,5173,3542,46427,4676,70880
110051720,5236,4116,2776,49994,4100,66222,4337,2543,1713,38330,3771,50694
110054651,7979,5882,4153,57468,3631,79113,6730,3630,2575,43626,3308,59869
110054653,10935,7655,5001,71529,3608,98728,9354,4668,3064,53894,3201,74181
110054655,8746,5685,3881,47379,3118,68809,7191,3483,2364,35677,2786,51501
110055050,7981,5559,4109,66845,3997,88491,6604,3415,2495,50847,3652,67013
110055903,9397,5681,4011,45145,3918,68152,7856,3453,2411,32824,3641,50185
110055904,7968,3953,2717,39984,2750,57372,7116,2428,1664,30306,2518,44032
110055905,9906,5743,3725,48590,4288,72252,8580,3507,2263,35641,3949,53940
110056400,10452,6541,4598,58520,4541,84652,8748,4006,2820,44315,4181,64070
110102700,646,596,397,8748,478,10865,524,364,249,6619,436,8192
110103050,507,356,225,4839,235,6162,431,228,136,3756,215,4766
110103320,5175,3311,2174,31666,2761,45087,4338,2092,1365,24135,2531,34461
110105650,1690,1100,779,15654,1634,20857,1375,679,486,11961,1562,16063
110107000,2882,1775,1546,22667,1433,30303,2342,1071,955,17275,1301,22944
110107620,1325,874,676,13895,997,17767,1127,529,416,10736,939,13747
115054400,4271,2430,1713,17256,882,26552,3588,1487,1017,12675,803,19570
115056900,18810,8201,5806,45921,3367,82105,16433,5112,3579,34533,3041,62698
115058451,33999,12860,9147,68696,6387,131089,30015,7792,5522,50039,5886,99254
115058454,31585,11931,8065,61334,5809,118724,27923,7376,4996,45879,5257,91431
115076951,5418,3550,2566,28879,3252,43665,4533,2175,1555,21628,3045,32936
115106952,11282,6355,4258,50504,4251,76650,9601,3898,2628,37921,3876,57924
115108350,10057,5698,4003,36961,2866,59585,8282,3442,2409,26978,2566,43677
120057554,12600,5775,4041,45174,4126,71716,10521,3589,2514,33908,3773,54305
120057556,2218,1382,958,10444,549,15551,1791,847,597,7696,510,11441
120074851,4076,3001,2039,30891,1767,41774,3299,1806,1213,22670,1598,30586
120100250,6213,4162,3076,37465,2463,53379,5108,2537,1852,27721,2238,39456
120101350,8220,4432,2986,23331,2619,41588,6462,2665,1776,16757,2340,30000
120104550,1278,859,575,8714,580,12006,1036,530,348,6592,543,9049
120104854,2164,1369,1037,11406,825,16801,1720,798,621,8223,735,12097
120106611,743,749,412,11501,945,14350,610,455,273,8847,859,11044
120106612,1130,906,597,11360,729,14722,925,560,382,8692,660,11219
120107558,3700,2261,1548,18753,1639,27901,2975,1395,954,13839,1490,20653
125011801,9408,5186,3503,46293,3966,68356,7956,3161,2187,34330,3643,51277
125036381,7712,4283,3177,39011,2953,57136,6487,2627,1950,29181,2682,42927
125050600,2321,1496,990,11708,604,17119,1854,891,579,8563,543,12430
125051736,2817,1919,1336,20657,1229,27958,2328,1181,818,15527,1106,20960
125051737,1822,1604,1152,24019,1765,30362,1513,988,723,18329,1614,23167
125051738,838,559,404,5921,418,8140,683,342,249,4351,391,6016
125051804,3611,1911,1375,16240,1135,24272,3052,1172,884,12138,990,18236
125055700,2597,1674,1193,17934,1162,24560,2162,1029,740,13558,1058,18547
125103380,5522,3756,2609,44761,3362,60010,4669,2308,1599,34168,3072,45816
125104350,2901,2246,1402,27795,2625,36969,2434,1390,861,21350,2441,28476
125106385,4001,2697,1864,28830,2017,39409,3304,1661,1152,21943,1830,29890
125108859,75,45,31,369,12,532,59,27,21,273,8,388
130057311,3438,2855,1898,47086,3617,58894,2874,1734,1155,35896,3398,45057
130103550,742,641,466,12916,918,15683,627,404,296,9961,886,12174
130103660,272,235,234,5358,231,6330,230,143,156,4143,191,4863
130104201,363,298,213,4977,262,6113,309,183,139,3814,222,4667
130104920,561,435,273,7709,440,9418,442,271,176,5967,409,7265
130107314,937,660,488,11650,613,14348,801,402,309,8879,530,10921
130150111,3381,1798,1374,19490,1860,27903,2830,1077,801,14193,1736,20637
130150112,507,390,269,4000,159,5325,382,221,156,2937,140,3836
130153010,733,496,384,8948,720,11281,614,312,239,6730,652,8547
130153650,302,198,157,4549,294,5500,241,122,90,3546,272,4271
130154202,1027,700,445,11490,751,14413,874,447,277,8881,685,11164
130157400,714,529,376,6777,517,8913,601,330,224,5079,481,6715
130157650,565,492,320,6091,309,7777,475,297,201,4587,271,5831
130157850,242,170,139,3315,137,4003,193,109,84,2493,120,2999
130205300,1014,621,515,13683,1427,17260,838,388,322,10717,1350,13615
130205750,793,666,515,13611,1175,16760,672,410,311,10679,1088,13160
135012601,3038,2290,1454,37745,2537,47064,2602,1395,895,28758,2344,35994
135052604,198,184,190,3611,287,4470,159,122,117,2731,259,3388
135052950,254,204,170,4729,335,5692,212,132,101,3620,290,4355
135055271,2324,1437,1149,18526,1623,25059,1924,876,686,13890,1487,18863
135055850,378,349,221,6880,435,8263,314,221,142,5352,399,6428
135058020,768,566,429,9744,753,12260,679,360,257,7423,702,9421
135058150,609,467,358,8236,1118,10788,496,284,225,6297,1055,8357
135100950,200,141,98,3116,277,3832,162,87,59,2435,256,2999
135102150,200,111,113,4386,337,5147,150,62,58,3422,308,4000
135107900,995,355,254,6130,802,8536,875,237,164,4817,767,6860
135107950,169,137,103,3056,165,3630,141,81,69,2351,147,2789
135151150,202,124,113,2962,529,3930,179,89,72,2300,505,3145
135151200,72,78,33,1832,120,2135,66,49,21,1553,114,1803
135151750,502,258,252,4939,519,6470,416,157,143,3778,494,4988
140030471,4095,2859,2006,32738,2901,44599,3394,1724,1216,24323,2705,33362
140070473,620,441,411,5048,530,7050,513,265,243,3806,494,5321
140070850,607,553,367,7103,463,9093,508,335,211,5376,430,6860
140071400,1168,932,675,13114,659,16548,961,582,410,9991,579,12523
140074870,2560,1735,1140,18555,1831,25821,2173,1092,693,14173,1685,19816
140075274,473,232,189,3142,192,4228,401,141,121,2444,168,3275
140076100,843,424,309,4798,407,6781,715,257,174,3605,368,5119
140150800,396,343,225,6504,288,7756,333,214,135,4955,248,5885
140152350,1123,808,583,12209,997,15720,940,499,358,9360,943,12100
140152900,559,442,307,9903,600,11811,456,284,208,7601,521,9070
140154600,352,311,273,6851,478,8265,294,182,161,5410,425,6472
140156200,1082,867,645,15012,1271,18877,929,535,402,11503,1162,14531
140158100,280,222,192,3808,211,4713,240,135,113,2864,193,3545
140206150,5113,3103,2035,37319,3257,50827,4335,1913,1213,28007,3001,38469
145056181,2534,1440,1101,9256,831,15162,2059,854,647,6763,780,11103
145056470,11124,4395,3071,29158,2517,50265,9630,2690,1846,21513,2363,38042
145101050,210,145,101,2532,100,3088,174,85,64,1905,93,2321
145103311,2330,1630,1059,21067,1958,28044,1954,989,630,16022,1838,21433
145103314,1146,588,454,5589,418,8195,951,351,277,4224,398,6201
145103700,317,166,162,3706,202,4553,250,103,95,2860,176,3484
145106184,575,443,287,3176,335,4816,459,264,164,2287,308,3482
145107640,798,486,321,7297,441,9343,642,303,199,5450,387,6981
145108710,2364,1530,1220,13818,1114,20046,1927,906,736,10186,1043,14798
145108750,1045,844,568,12409,941,15807,883,518,362,9379,860,12002
145150550,5722,3202,2269,29697,2086,42976,4737,1988,1393,21987,1917,32022
145152750,6964,3672,2519,31168,2688,47011,5879,2233,1534,23224,2460,35330
145201000,249,175,129,2383,135,3071,234,104,80,1830,121,2369
145202050,2039,945,679,8391,875,12929,1719,588,416,6233,825,9781
145207050,3401,2320,1890,14732,3006,25349,2741,1373,1107,10422,2901,18544
150057751,6574,4053,2919,56479,3307,73332,5676,2461,1756,42461,2966,55320
150102000,272,229,188,4225,255,5169,221,136,115,3266,240,3978
150102200,541,431,244,7528,516,9260,445,268,149,5829,481,7172
150103500,222,125,120,3983,246,4696,192,80,80,3117,205,3674
150104300,361,288,221,5219,1095,7184,292,180,142,4073,1065,5752
150104950,214,132,106,3261,124,3837,181,81,62,2435,115,2874
150105800,423,359,176,6183,551,7692,371,226,108,4652,507,5864
150107350,429,311,194,6317,276,7527,355,188,125,4732,254,5654
150107500,1324,651,551,10911,698,14135,1118,386,333,8387,643,10867
150107754,342,266,219,5211,241,6279,282,167,130,3942,205,4726
150151600,294,171,139,2628,151,3383,249,106,79,1997,142,2573
150153450,7259,2150,1099,18413,2085,31006,6621,1469,714,13583,1949,24336
150153850,290,188,119,3123,211,3931,249,115,72,2402,202,3040
150154750,1336,741,486,10896,864,14323,1180,487,301,8106,815,10889
150155550,187,126,89,2360,176,2938,150,88,60,1738,162,2198
155050050,7093,4116,2699,46231,3506,63645,6111,2520,1663,34132,3211,47637
155053341,360,260,218,3827,180,4845,300,158,133,2868,164,3623
155102300,1240,751,568,11126,596,14281,1051,477,354,8531,556,10969
155103342,473,382,270,6313,452,7890,390,237,165,4851,410,6053
155107450,409,243,187,3106,327,4272,344,154,99,2398,294,3289
155107700,72,60,37,1217,85,1471,61,34,25,923,78,1121
155150650,836,564,368,7832,510,10110,717,349,227,6043,468,7804
155151860,100,71,95,1706,54,2026,88,48,66,1256,55,1513
155152500,644,462,285,7138,581,9110,563,289,192,5500,539,7083
155154250,157,73,63,1428,93,1814,128,51,38,1107,88,1412
155155500,679,417,334,6975,465,8870,583,262,200,5420,425,6890
155157800,381,198,181,4041,325,5126,329,130,116,3096,303,3974
155200300,315,119,87,2271,267,3059,271,89,55,1729,246,2390
155208200,715,391,300,7125,569,9100,634,255,186,5487,516,7078
160101250,1401,1166,610,18825,1762,23764,1222,745,384,14755,1655,18761
160101700,238,117,69,2248,212,2884,189,72,45,1844,198,2348
160108809,94,56,44,956,66,1216,76,26,23,717,57,899
185019779,595,226,124,1370,385,2700,530,138,81,972,372,2093
