region_id,Num_Psns_UR_1_FamHhold,Num_Psns_UR_1_NonFamHhold,Num_Psns_UR_1_Total,Num_Psns_UR_2_FamHhold,Num_Psns_UR_2_NonFamHhold,Num_Psns_UR_2_Total,Num_Psns_UR_3_FamHhold,Num_Psns_UR_3_NonFamHhold,Num_Psns_UR_3_Total,Num_Psns_UR_4_FamHhold,Num_Psns_UR_4_NonFamHhold,Num_Psns_UR_4_Total,Num_Psns_UR_5_FamHhold,Num_Psns_UR_5_NonFamHhold,Num_Psns_UR_5_Total,Num_Psns_UR_6mo_FamHhold,Num_Psns_UR_6mo_NonFamHhold,Num_Psns_UR_6mo_Total,Total_FamHhold,Total_NonFamHhold,Total_Total
SSC10001,0,81,81,220,7,227,234,0,234,373,0,373,180,0,180,79,0,79,1086,88,1174
SSC10002,0,604,604,702,68,770,342,19,361,264,4,268,77,0,77,31,0,31,1416,695,2111
SSC10003,0,49,49,74,8,82,58,3,61,71,0,71,37,0,37,15,0,15,255,60,315
SSC10004,0,235,235,272,29,301,150,5,155,119,0,119,63,0,63,29,0,29,633,269,902
SSC10005,0,211,211,257,21,278,117,0,117,115,0,115,49,0,49,18,0,18,556,232,788
SSC10006,0,14,14,29,0,29,16,0,16,13,0,13,11,0,11,0,0,0,69,14,83
SSC10007,0,88,88,236,14,250,155,3,158,240,0,240,103,0,103,37,0,37,771,105,876
SSC10008,0,185,185,267,29,296,140,0,140,129,0,129,70,0,70,28,0,28,634,214,848
SSC10009,0,13,13,18,3,21,8,0,8,13,0,13,7,0,7,7,0,7,53,16,69
SSC10010,0,88,88,224,9,233,241,4,245,327,0,327,117,0,117,66,0,66,975,101,1076
SSC10011,0,35,35,37,4,41,8,0,8,9,0,9,0,0,0,4,0,4,58,39,97
SSC10012,0,767,767,648,110,758,332,18,350,305,7,312,122,0,122,29,0,29,1436,902,2338
SSC10013,0,378,378,725,27,752,295,9,304,331,3,334,132,3,135,38,0,38,1521,420,1941
SSC10014,0,111,111,113,3,116,37,0,37,56,0,56,16,0,16,10,0,10,232,114,346
SSC10015,0,26,26,66,3,69,43,0,43,49,0,49,25,0,25,21,0,21,204,29,233
SSC10016,0,255,255,257,18,275,227,0,227,160,0,160,96,0,96,109,0,109,849,273,1122
SSC10017,0,10,10,4,0,4,4,0,4,6,0,6,0,0,0,8,0,8,22,10,32
SSC10018,0,572,572,1190,39,1229,737,3,740,965,3,968,396,0,396,200,0,200,3488,617,4105
SSC10019,0,523,523,769,44,813,452,4,456,383,3,386,179,0,179,103,0,103,1886,574,2460
SSC10020,0,744,744,652,86,738,209,32,241,198,8,206,79,4,83,22,3,25,1160,877,2037
SSC10021,0,39,39,96,4,100,42,0,42,34,0,34,14,0,14,12,0,12,198,43,241
SSC10022,0,1127,1127,1090,308,1398,352,89,441,231,20,251,38,3,41,16,0,16,1727,1547,3274
SSC10023,0,35,35,190,0,190,194,0,194,306,0,306,154,0,154,43,0,43,887,35,922
SSC10024,0,36,36,43,0,43,24,0,24,11,0,11,6,0,6,0,0,0,84,36,120
SSC10025,0,470,470,568,37,605,373,5,378,513,0,513,222,0,222,71,0,71,1747,512,2259
SSC10026,0,24,24,45,3,48,17,0,17,17,0,17,12,0,12,3,0,3,94,27,121
SSC10027,0,510,510,578,71,649,443,17,460,287,3,290,110,3,113,43,0,43,1461,604,2065
SSC10028,0,8,8,15,5,20,3,0,3,8,0,8,5,0,5,5,0,5,36,13,49
SSC10029,0,19,19,17,0,17,10,0,10,14,0,14,8,0,8,0,0,0,49,19,68
SSC10030,0,20,20,30,3,33,10,0,10,8,0,8,9,0,9,5,0,5,62,23,85
SSC10031,0,25,25,62,6,68,18,0,18,32,0,32,13,0,13,0,0,0,125,31,156
SSC10032,0,687,687,854,52,906,292,4,296,247,0,247,122,0,122,48,0,48,1563,743,2306
SSC10033,0,15,15,19,4,23,11,0,11,10,0,10,3,0,3,3,0,3,46,19,65
SSC10034,0,351,351,566,54,620,420,6,426,429,0,429,195,0,195,159,0,159,1769,411,2180
SSC10035,0,21,21,36,3,39,11,0,11,20,0,20,4,0,4,3,0,3,74,24,98
SSC10036,0,35,35,71,0,71,13,0,13,19,0,19,3,0,3,0,0,0,106,35,141
SSC10037,0,21,21,25,3,28,11,0,11,4,0,4,7,0,7,0,0,0,47,24,71
SSC10038,0,345,345,484,31,515,197,0,197,197,0,197,87,0,87,55,0,55,1020,376,1396
SSC10039,0,1082,1082,1064,217,1281,513,68,581,405,25,430,106,6,112,28,3,31,2116,1401,3517
SSC10040,0,36,36,106,8,114,65,0,65,77,0,77,65,0,65,37,0,37,350,44,394
SSC10041,0,73,73,152,11,163,102,3,105,122,0,122,69,0,69,37,0,37,482,87,569
SSC10042,0,5,5,4,0,4,0,0,0,10,0,10,0,0,0,0,0,0,14,5,19
SSC10043,0,44,44,85,3,88,28,0,28,18,0,18,10,0,10,3,0,3,144,47,191
SSC10044,0,44,44,64,3,67,6,0,6,9,0,9,3,0,3,3,0,3,85,47,132
SSC10045,0,70,70,119,8,127,70,0,70,88,0,88,37,0,37,31,0,31,345,78,423
SSC10046,0,95,95,188,15,203,91,0,91,85,0,85,27,0,27,10,0,10,401,110,511
SSC10047,0,13,13,39,0,39,21,0,21,19,0,19,3,0,3,3,0,3,85,13,98
SSC10048,0,61,61,54,4,58,22,0,22,11,0,11,5,0,5,0,0,0,92,65,157
SSC10049,0,167,167,186,12,198,92,4,96,51,0,51,34,0,34,15,0,15,378,183,561
SSC10050,0,52,52,70,3,73,14,0,14,21,0,21,8,0,8,0,0,0,113,55,168
SSC10051,0,74,74,107,0,107,31,0,31,25,0,25,19,0,19,11,0,11,193,74,267
SSC10052,0,25,25,37,0,37,14,0,14,9,0,9,16,0,16,4,0,4,80,25,105
SSC10053,0,2337,2337,2482,301,2783,1060,80,1140,991,28,1019,478,12,490,207,4,211,5218,2762,7980
SSC10054,0,550,550,680,75,755,449,23,472,403,10,413,244,4,248,221,0,221,1997,662,2659
SSC10055,0,0,0,0,0,0,0,0,0,0,0,0,0,0,0,0,0,0,0,0,0
SSC10056,0,91,91,128,6,134,15,0,15,5,0,5,5,0,5,3,0,3,156,97,253
SSC10057,0,42,42,68,5,73,17,0,17,27,0,27,13,0,13,3,0,3,128,47,175
SSC10058,0,966,966,1013,208,1221,592,43,635,478,13,491,152,8,160,45,0,45,2280,1238,3518
SSC10059,0,133,133,304,16,320,197,3,200,239,3,242,104,3,107,34,3,37,878,161,1039
SSC10060,0,30,30,71,0,71,15,0,15,15,0,15,3,0,3,3,0,3,107,30,137
SSC10061,0,26,26,39,5,44,16,0,16,14,0,14,7,0,7,4,0,4,80,31,111
SSC10062,0,284,284,225,16,241,175,0,175,139,0,139,100,0,100,115,0,115,754,300,1054
SSC10063,0,2282,2282,2270,408,2678,1392,154,1546,1080,55,1135,365,12,377,188,10,198,5295,2921,8216
SSC10064,0,100,100,122,7,129,42,0,42,26,0,26,28,0,28,13,0,13,231,107,338
SSC10065,0,24,24,45,3,48,18,0,18,22,0,22,8,0,8,3,0,3,96,27,123
SSC10066,0,427,427,447,50,497,225,8,233,197,0,197,100,0,100,48,0,48,1017,485,1502
SSC10067,0,186,186,417,17,434,277,4,281,337,0,337,131,0,131,61,0,61,1223,207,1430
SSC10068,0,227,227,324,15,339,221,10,231,268,0,268,102,0,102,36,0,36,951,252,1203
SSC10069,0,50,50,123,9,132,45,0,45,30,0,30,14,0,14,14,0,14,226,59,285
SSC10070,0,1449,1449,1781,271,2052,1721,128,1849,1790,67,1857,1047,41,1088,1018,31,1049,7357,1987,9344
SSC10071,0,165,165,250,20,270,148,3,151,157,0,157,70,4,74,26,3,29,651,195,846
SSC10072,0,131,131,213,6,219,123,0,123,151,0,151,111,0,111,84,0,84,682,137,819
SSC10073,0,717,717,1138,65,1203,591,13,604,719,3,722,314,0,314,110,0,110,2872,798,3670
SSC10074,0,289,289,458,26,484,203,3,206,305,3,308,138,0,138,52,0,52,1156,321,1477
SSC10075,0,22,22,39,5,44,15,0,15,26,0,26,11,0,11,5,0,5,96,27,123
SSC10076,0,15,15,30,0,30,7,0,7,18,0,18,6,0,6,4,0,4,65,15,80
SSC10077,0,41,41,85,3,88,25,0,25,25,0,25,6,0,6,9,0,9,150,44,194
SSC10078,0,9,9,44,0,44,15,0,15,12,0,12,10,0,10,3,0,3,84,9,93
SSC10079,0,19,19,28,7,35,12,0,12,19,0,19,15,0,15,19,0,19,93,26,119
SSC10080,0,29,29,49,3,52,24,0,24,25,0,25,6,0,6,8,0,8,112,32,144
SSC10081,0,26,26,54,4,58,14,0,14,16,0,16,3,0,3,4,0,4,91,30,121
SSC10082,0,68,68,109,10,119,47,0,47,44,0,44,24,0,24,5,0,5,229,78,307
SSC10083,0,18,18,36,0,36,14,0,14,17,0,17,8,0,8,5,0,5,80,18,98
SSC10084,0,710,710,915,90,1005,472,15,487,481,4,485,163,0,163,35,0,35,2066,819,2885
SSC10085,0,143,143,248,4,252,139,3,142,329,0,329,139,0,139,22,0,22,877,150,1027
SSC10086,0,432,432,661,24,685,345,7,352,361,3,364,138,0,138,38,0,38,1543,466,2009
SSC10087,0,10,10,40,0,40,11,0,11,10,0,10,8,0,8,3,0,3,72,10,82
SSC10088,0,17,17,30,0,30,11,0,11,8,0,8,3,0,3,4,0,4,56,17,73
SSC10089,0,1517,1517,1184,121,1305,371,17,388,252,3,255,82,0,82,46,3,49,1935,1661,3596
SSC10090,0,1394,1394,1354,219,1573,557,59,616,428,12,440,135,4,139,32,0,32,2506,1688,4194
SSC10091,0,282,282,288,31,319,92,6,98,84,4,88,28,3,31,8,0,8,500,326,826
SSC10092,0,50,50,89,10,99,48,0,48,44,0,44,18,0,18,6,0,6,205,60,265
SSC10093,0,21,21,45,3,48,14,0,14,30,0,30,12,0,12,3,0,3,104,24,128
SSC10094,0,172,172,217,9,226,83,0,83,68,0,68,32,0,32,18,0,18,418,181,599
SSC10095,0,18,18,38,3,41,8,0,8,13,0,13,11,0,11,4,0,4,74,21,95
SSC10096,0,41,41,110,0,110,34,0,34,47,0,47,22,0,22,4,0,4,217,41,258
SSC10097,0,162,162,205,36,241,99,4,103,126,4,130,37,0,37,21,0,21,488,206,694
SSC10098,0,24,24,48,0,48,19,0,19,16,0,16,9,0,9,3,0,3,95,24,119
SSC10099,0,220,220,524,9,533,355,0,355,426,3,429,190,0,190,66,0,66,1561,232,1793
SSC10100,0,145,145,302,27,329,197,5,202,207,3,210,80,4,84,59,0,59,845,184,1029
SSC10101,0,0,0,0,0,0,0,3,3,0,0,0,0,0,0,0,0,0,0,3,3
SSC10102,0,1836,1836,2073,185,2258,1782,55,1837,1693,18,1711,856,11,867,757,7,764,7161,2112,9273
SSC10103,0,0,0,0,0,0,0,0,0,0,0,0,0,0,0,0,0,0,0,0,0
SSC10104,0,21,21,24,0,24,13,0,13,7,0,7,5,0,5,3,0,3,52,21,73
SSC10105,0,24,24,60,0,60,12,0,12,11,0,11,11,0,11,4,0,4,98,24,122
SSC10106,0,1502,1502,2268,149,2417,839,13,852,743,5,748,324,3,327,120,0,120,4294,1672,5966
SSC10107,0,253,253,101,31,132,53,9,62,42,0,42,25,0,25,4,0,4,225,293,518
SSC10108,0,58,58,45,4,49,18,0,18,13,0,13,7,0,7,3,0,3,86,62,148
SSC10109,0,96,96,102,7,109,42,0,42,31,0,31,22,0,22,8,0,8,205,103,308
SSC10110,0,32,32,12,0,12,4,0,4,0,0,0,0,0,0,0,0,0,16,32,48
SSC10111,0,0,0,0,0,0,0,0,0,0,0,0,0,0,0,0,0,0,0,0,0
SSC10112,0,61,61,204,3,207,219,0,219,370,0,370,191,3,194,73,0,73,1057,67,1124
SSC10113,0,123,123,211,12,223,142,0,142,173,3,176,63,0,63,36,0,36,625,138,763
SSC10114,0,172,172,183,13,196,133,3,136,132,3,135,72,0,72,42,0,42,562,191,753
SSC10115,0,69,69,72,3,75,31,0,31,40,0,40,15,0,15,10,0,10,168,72,240
SSC10116,0,273,273,437,24,461,215,0,215,259,0,259,125,0,125,74,0,74,1110,297,1407
SSC10117,0,204,204,252,11,263,67,0,67,53,0,53,30,0,30,8,0,8,410,215,625
SSC10118,0,51,51,54,4,58,18,0,18,14,3,17,3,0,3,0,0,0,89,58,147
SSC10119,0,46,46,59,3,62,15,0,15,15,0,15,12,0,12,5,0,5,106,49,155
SSC10120,0,82,82,174,12,186,141,0,141,98,0,98,54,0,54,34,0,34,501,94,595
SSC10121,0,160,160,215,13,228,75,0,75,70,0,70,35,0,35,14,0,14,409,173,582
SSC10122,0,252,252,253,13,266,64,0,64,68,0,68,27,0,27,4,0,4,416,265,681
SSC10123,0,458,458,673,39,712,401,3,404,335,0,335,149,0,149,80,0,80,1638,500,2138
SSC10124,0,71,71,70,3,73,34,0,34,29,0,29,17,0,17,4,0,4,154,74,228
SSC10125,0,20,20,38,0,38,13,0,13,9,0,9,5,0,5,7,0,7,72,20,92
SSC10126,0,48,48,95,0,95,23,0,23,27,0,27,7,0,7,4,0,4,156,48,204
SSC10127,0,26,26,35,3,38,12,0,12,12,0,12,4,0,4,3,0,3,66,29,95
SSC10128,0,117,117,193,13,206,73,0,73,74,0,74,32,0,32,14,0,14,386,130,516
SSC10129,0,533,533,612,32,644,415,9,424,452,0,452,325,0,325,181,0,181,1985,574,2559
SSC10130,0,1282,1282,1423,87,1510,629,9,638,682,3,685,268,3,271,115,0,115,3117,1384,4501
SSC10131,0,238,238,245,19,264,82,4,86,64,0,64,25,0,25,12,0,12,428,261,689
SSC10132,0,306,306,225,21,246,53,0,53,22,3,25,17,0,17,17,0,17,334,330,664
SSC10133,0,1234,1234,783,159,942,277,52,329,204,26,230,80,6,86,35,0,35,1379,1477,2856
SSC10134,0,191,191,234,6,240,53,4,57,57,0,57,26,0,26,17,0,17,387,201,588
SSC10135,0,1551,1551,3323,173,3496,2181,32,2213,2582,11,2593,1026,3,1029,389,0,389,9501,1770,11271
SSC10136,0,48,48,65,3,68,30,0,30,14,0,14,5,0,5,4,0,4,118,51,169
SSC10137,0,83,83,100,3,103,32,0,32,20,0,20,7,0,7,3,0,3,162,86,248
SSC10138,0,365,365,394,15,409,137,0,137,166,0,166,74,0,74,33,0,33,804,380,1184
SSC10139,0,277,277,598,24,622,327,5,332,607,0,607,237,0,237,87,0,87,1856,306,2162
SSC10140,0,105,105,117,19,136,64,9,73,34,0,34,7,0,7,6,0,6,228,133,361
SSC10141,0,17,17,30,0,30,7,0,7,4,0,4,4,0,4,5,0,5,50,17,67
SSC10142,0,98,98,438,11,449,422,3,425,729,3,732,354,0,354,129,0,129,2072,115,2187
SSC10143,0,12,12,35,0,35,11,0,11,4,0,4,11,0,11,3,0,3,64,12,76
SSC10144,0,19,19,28,0,28,12,0,12,7,0,7,9,0,9,3,0,3,59,19,78
SSC10145,0,49,49,86,3,89,32,0,32,18,3,21,14,0,14,11,0,11,161,55,216
SSC10146,0,343,343,818,20,838,526,5,531,670,3,673,299,0,299,111,0,111,2424,371,2795
SSC10147,0,0,0,0,0,0,0,0,0,0,0,0,0,0,0,0,0,0,0,0,0
SSC10148,0,19,19,38,0,38,17,0,17,11,0,11,16,0,16,3,0,3,85,19,104
SSC10149,0,557,557,606,48,654,245,9,254,234,3,237,96,0,96,53,0,53,1234,617,1851
SSC10150,0,12,12,35,5,40,7,0,7,7,0,7,0,0,0,4,0,4,53,17,70
SSC10151,0,444,444,523,32,555,340,3,343,385,0,385,193,0,193,121,0,121,1562,479,2041
SSC10152,0,9,9,25,0,25,3,0,3,8,0,8,9,0,9,3,0,3,48,9,57
SSC10153,0,26,26,44,0,44,35,0,35,32,3,35,19,0,19,12,0,12,142,29,171
SSC10154,0,130,130,440,9,449,380,6,386,654,5,659,297,12,309,125,18,143,1896,180,2076
SSC10155,0,538,538,451,53,504,252,4,256,204,3,207,83,0,83,45,0,45,1035,598,1633
SSC10156,0,20,20,33,0,33,0,0,0,4,0,4,10,0,10,7,0,7,54,20,74
SSC10157,0,41,41,59,3,62,16,0,16,21,0,21,8,0,8,3,0,3,107,44,151
SSC10158,0,16,16,51,0,51,8,0,8,6,0,6,0,0,0,0,0,0,65,16,81
SSC10159,0,124,124,210,11,221,131,5,136,128,0,128,57,0,57,17,3,20,543,143,686
SSC10160,0,62,62,91,7,98,54,0,54,45,0,45,16,0,16,7,0,7,213,69,282
SSC10161,0,44,44,50,0,50,14,0,14,7,0,7,13,0,13,3,0,3,87,44,131
SSC10162,0,919,919,1113,199,1312,484,51,535,534,17,551,255,3,258,97,0,97,2483,1189,3672
SSC10163,0,390,390,448,41,489,221,9,230,198,0,198,74,0,74,37,0,37,978,440,1418
SSC10164,0,895,895,892,55,947,333,4,337,330,4,334,143,0,143,39,0,39,1737,958,2695
SSC10165,0,478,478,762,38,800,396,4,400,412,0,412,162,0,162,68,0,68,1800,520,2320
SSC10166,0,131,131,152,12,164,74,3,77,61,0,61,21,0,21,18,0,18,326,146,472
SSC10167,0,914,914,1069,123,1192,771,21,792,684,4,688,358,3,361,247,4,251,3129,1069,4198
SSC10168,0,35,35,45,3,48,19,0,19,17,0,17,11,0,11,11,0,11,103,38,141
SSC10169,0,495,495,814,15,829,394,6,400,605,0,605,280,3,283,107,0,107,2200,519,2719
SSC10170,0,61,61,93,8,101,28,0,28,21,0,21,14,0,14,5,0,5,161,69,230
SSC10171,0,42,42,76,3,79,22,0,22,23,0,23,6,0,6,4,0,4,131,45,176
SSC10172,0,17,17,32,4,36,15,0,15,9,3,12,6,0,6,0,0,0,62,24,86
SSC10173,0,65,65,59,4,63,29,0,29,16,0,16,14,0,14,7,0,7,125,69,194
SSC10174,0,36,36,54,0,54,14,0,14,10,0,10,6,0,6,4,0,4,88,36,124
SSC10175,0,23,23,39,0,39,17,0,17,15,0,15,0,0,0,0,0,0,71,23,94
SSC10176,0,24,24,46,0,46,18,0,18,26,0,26,16,0,16,4,0,4,110,24,134
SSC10177,0,16,16,58,0,58,31,0,31,25,0,25,11,0,11,3,0,3,128,16,144
SSC10178,0,91,91,240,5,245,146,3,149,198,0,198,101,0,101,28,0,28,713,99,812
SSC10179,0,14,14,33,0,33,5,0,5,4,0,4,5,0,5,0,0,0,47,14,61
SSC10180,0,470,470,602,67,669,494,27,521,561,12,573,266,6,272,219,0,219,2142,582,2724
SSC10181,0,3,3,3,0,3,0,0,0,0,0,0,3,0,3,0,0,0,6,3,9
SSC10182,0,314,314,459,36,495,205,4,209,156,3,159,49,0,49,25,0,25,894,357,1251
SSC10183,0,15,15,36,0,36,13,0,13,11,0,11,3,0,3,0,0,0,63,15,78
SSC10184,0,724,724,804,52,856,440,3,443,422,4,426,191,0,191,105,0,105,1962,783,2745
SSC10185,0,653,653,862,77,939,481,8,489,534,5,539,239,0,239,115,0,115,2231,743,2974
SSC10186,0,32,32,76,4,80,48,0,48,59,0,59,47,0,47,33,0,33,263,36,299
SSC10187,0,229,229,285,18,303,85,0,85,67,0,67,20,0,20,14,0,14,471,247,718
SSC10188,0,167,167,380,20,400,295,3,298,348,0,348,183,0,183,53,0,53,1259,190,1449
SSC10189,0,24,24,23,3,26,9,3,12,14,0,14,8,0,8,0,0,0,54,30,84
SSC10190,0,205,205,510,14,524,335,4,339,387,0,387,175,0,175,42,0,42,1449,223,1672
SSC10191,0,91,91,109,3,112,33,0,33,30,0,30,9,0,9,8,0,8,189,94,283
SSC10192,0,40,40,41,3,44,10,0,10,16,0,16,4,0,4,3,0,3,74,43,117
SSC10193,0,167,167,197,8,205,101,0,101,87,0,87,26,0,26,13,0,13,424,175,599
SSC10194,0,186,186,173,4,177,40,0,40,45,0,45,20,0,20,11,0,11,289,190,479
SSC10195,0,18,18,46,0,46,14,0,14,21,0,21,7,0,7,7,0,7,95,18,113
SSC10196,0,64,64,73,4,77,20,0,20,28,0,28,18,0,18,3,0,3,142,68,210
SSC10197,0,239,239,398,16,414,118,3,121,99,0,99,55,0,55,19,0,19,689,258,947
SSC10198,0,35,35,53,0,53,20,0,20,23,0,23,14,0,14,6,0,6,116,35,151
SSC10199,0,127,127,198,14,212,153,0,153,144,0,144,60,0,60,28,0,28,583,141,724
SSC10200,0,678,678,917,57,974,608,12,620,615,5,620,262,0,262,148,0,148,2550,752,3302
SSC10201,0,39,39,53,3,56,23,0,23,32,0,32,13,0,13,7,0,7,128,42,170
SSC10202,0,1163,1163,1591,118,1709,1137,25,1162,1165,8,1173,573,5,578,335,0,335,4801,1319,6120
SSC10203,0,274,274,371,17,388,254,9,263,243,0,243,106,3,109,66,0,66,1040,303,1343
SSC10204,0,31,31,41,0,41,9,0,9,22,0,22,4,0,4,4,0,4,80,31,111
SSC10205,0,18,18,39,4,43,13,0,13,16,0,16,3,0,3,3,0,3,74,22,96
SSC10206,0,259,259,324,11,335,293,5,298,198,0,198,131,0,131,152,0,152,1098,275,1373
SSC10207,0,37,37,69,0,69,30,0,30,35,0,35,16,0,16,10,0,10,160,37,197
SSC10208,0,32,32,50,0,50,24,0,24,6,0,6,11,0,11,0,0,0,91,32,123
SSC10209,0,43,43,56,5,61,22,0,22,31,0,31,17,0,17,11,0,11,137,48,185
SSC10210,0,227,227,413,42,455,199,3,202,195,0,195,92,0,92,30,0,30,929,272,1201
SSC10211,0,34,34,71,0,71,25,0,25,37,0,37,33,0,33,12,0,12,178,34,212
SSC10212,0,162,162,428,5,433,215,5,220,307,0,307,110,3,113,36,0,36,1096,175,1271
SSC10213,0,31,31,38,0,38,18,0,18,13,0,13,6,0,6,6,0,6,81,31,112
SSC10214,0,17,17,42,3,45,15,0,15,18,0,18,14,0,14,3,0,3,92,20,112
SSC10215,0,58,58,127,7,134,39,0,39,37,0,37,19,0,19,10,0,10,232,65,297
SSC10216,0,54,54,79,3,82,25,0,25,17,0,17,13,0,13,0,0,0,134,57,191
SSC10217,0,35,35,29,0,29,10,0,10,10,0,10,6,0,6,0,0,0,55,35,90
SSC10218,0,208,208,233,14,247,60,0,60,48,0,48,17,0,17,8,0,8,366,222,588
SSC10219,0,21,21,58,3,61,8,0,8,12,0,12,4,0,4,3,0,3,85,24,109
SSC10220,0,41,41,75,3,78,33,0,33,35,0,35,15,0,15,14,0,14,172,44,216
SSC10221,0,34,34,56,3,59,16,0,16,24,0,24,8,0,8,4,0,4,108,37,145
SSC10222,0,19,19,21,3,24,11,0,11,9,0,9,7,0,7,0,0,0,48,22,70
SSC10223,0,118,118,109,7,116,30,0,30,31,0,31,19,0,19,9,0,9,198,125,323
SSC10224,0,17,17,20,0,20,13,0,13,7,0,7,6,0,6,4,0,4,50,17,67
SSC10225,0,311,311,416,54,470,199,20,219,177,3,180,36,3,39,16,0,16,844,391,1235
SSC10226,0,213,213,202,39,241,96,34,130,82,25,107,38,16,54,26,13,39,444,340,784
SSC10227,0,181,181,187,22,209,145,5,150,169,0,169,92,0,92,82,0,82,675,208,883
SSC10228,0,11,11,23,3,26,16,0,16,11,0,11,8,0,8,5,0,5,63,14,77
SSC10229,0,15,15,27,0,27,3,0,3,16,0,16,3,0,3,3,0,3,52,15,67
SSC10230,0,63,63,144,4,148,46,0,46,31,0,31,11,0,11,6,0,6,238,67,305
SSC10231,0,16,16,70,3,73,35,0,35,33,3,36,20,0,20,17,0,17,175,22,197
SSC10232,0,28,28,42,0,42,15,0,15,21,0,21,14,0,14,3,0,3,95,28,123
SSC10233,0,50,50,54,0,54,20,0,20,12,0,12,8,0,8,3,0,3,97,50,147
SSC10234,0,282,282,323,19,342,178,0,178,148,0,148,74,0,74,33,0,33,756,301,1057
SSC10235,0,257,257,334,13,347,196,3,199,229,3,232,82,0,82,43,0,43,884,276,1160
SSC10236,0,199,199,261,28,289,184,0,184,170,3,173,97,0,97,108,0,108,820,230,1050
SSC10237,0,613,613,662,36,698,188,12,200,173,5,178,66,0,66,26,0,26,1115,666,1781
SSC10238,0,26,26,39,6,45,13,0,13,11,0,11,5,0,5,0,0,0,68,32,100
SSC10239,0,268,268,251,19,270,90,0,90,91,4,95,40,0,40,11,0,11,483,291,774
SSC10240,0,2870,2870,3659,333,3992,2803,77,2880,2588,28,2616,1171,6,1177,873,0,873,11094,3314,14408
SSC10241,0,230,230,253,19,272,98,3,101,75,0,75,39,0,39,12,0,12,477,252,729
SSC10242,0,56,56,142,7,149,163,5,168,198,0,198,106,0,106,66,0,66,675,68,743
SSC10243,0,19,19,33,0,33,21,0,21,19,0,19,18,0,18,10,0,10,101,19,120
SSC10244,0,305,305,517,23,540,321,7,328,411,3,414,236,0,236,102,0,102,1587,338,1925
SSC10245,0,37,37,48,0,48,19,0,19,11,0,11,9,0,9,0,0,0,87,37,124
SSC10246,0,509,509,829,40,869,475,3,478,507,0,507,203,0,203,73,0,73,2087,552,2639
SSC10247,0,3,3,30,3,33,19,0,19,38,0,38,20,0,20,13,0,13,120,6,126
SSC10248,0,356,356,395,26,421,190,3,193,155,0,155,91,0,91,47,0,47,878,385,1263
SSC10249,0,373,373,513,44,557,438,8,446,446,0,446,214,0,214,99,0,99,1710,425,2135
SSC10250,0,24,24,55,0,55,18,0,18,20,0,20,6,0,6,14,0,14,113,24,137
SSC10251,0,130,130,154,15,169,52,0,52,38,0,38,25,0,25,4,0,4,273,145,418
SSC10252,0,339,339,572,48,620,387,5,392,365,0,365,224,0,224,103,0,103,1651,392,2043
SSC10253,0,13,13,24,5,29,8,0,8,3,0,3,3,0,3,0,0,0,38,18,56
SSC10254,0,0,0,3,0,3,0,0,0,3,0,3,0,0,0,0,0,0,6,0,6
SSC10255,0,60,60,204,3,207,81,0,81,87,0,87,44,0,44,27,0,27,443,63,506
SSC10256,0,373,373,669,55,724,331,6,337,326,4,330,149,3,152,50,0,50,1525,441,1966
SSC10257,0,46,46,119,4,123,46,0,46,57,0,57,25,0,25,6,0,6,253,50,303
SSC10258,0,45,45,58,0,58,25,0,25,23,0,23,16,0,16,8,0,8,130,45,175
SSC10259,0,58,58,80,8,88,35,0,35,14,0,14,14,0,14,6,0,6,149,66,215
SSC10260,0,29,29,35,6,41,11,0,11,10,0,10,7,0,7,11,0,11,74,35,109
SSC10261,0,293,293,385,41,426,211,8,219,153,0,153,75,0,75,32,0,32,856,342,1198
SSC10262,0,98,98,73,6,79,46,0,46,41,0,41,24,0,24,51,0,51,235,104,339
SSC10263,0,117,117,143,6,149,60,0,60,63,0,63,24,0,24,21,0,21,311,123,434
SSC10264,0,206,206,275,12,287,148,0,148,105,0,105,45,0,45,31,0,31,604,218,822
SSC10265,0,70,70,166,3,169,73,3,76,79,0,79,20,0,20,13,0,13,351,76,427
SSC10266,0,95,95,248,6,254,129,0,129,203,0,203,81,0,81,30,0,30,691,101,792
SSC10267,0,860,860,927,55,982,342,17,359,301,0,301,138,0,138,60,0,60,1768,932,2700
SSC10268,0,162,162,184,15,199,53,3,56,62,0,62,23,0,23,7,0,7,329,180,509
SSC10269,0,6,6,25,0,25,8,0,8,11,0,11,10,0,10,4,0,4,58,6,64
SSC10270,0,4,4,3,0,3,3,0,3,3,0,3,3,0,3,0,0,0,12,4,16
SSC10271,0,19,19,31,0,31,15,0,15,14,0,14,12,0,12,3,0,3,75,19,94
SSC10272,0,0,0,3,0,3,4,0,4,0,0,0,0,0,0,0,0,0,7,0,7
SSC10273,0,25,25,46,4,50,12,0,12,13,0,13,3,0,3,6,0,6,80,29,109
SSC10274,0,74,74,90,0,90,32,3,35,11,0,11,8,0,8,8,0,8,149,77,226
SSC10275,0,1248,1248,1147,396,1543,478,140,618,292,35,327,99,3,102,43,0,43,2059,1822,3881
SSC10276,0,1648,1648,1375,563,1938,464,170,634,303,39,342,90,10,100,16,0,16,2248,2430,4678
SSC10277,0,1232,1232,1060,244,1304,394,104,498,334,28,362,92,6,98,27,5,32,1907,1619,3526
SSC10278,0,256,256,475,30,505,165,0,165,166,0,166,64,0,64,39,0,39,909,286,1195
SSC10279,0,61,61,246,4,250,135,0,135,174,0,174,60,0,60,18,0,18,633,65,698
SSC10280,0,165,165,428,24,452,157,0,157,162,0,162,80,0,80,24,0,24,851,189,1040
SSC10281,0,287,287,463,26,489,476,3,479,504,0,504,287,0,287,231,0,231,1961,316,2277
SSC10282,0,123,123,301,9,310,339,6,345,537,0,537,313,0,313,247,3,250,1737,141,1878
SSC10283,0,117,117,284,9,293,109,3,112,130,0,130,73,0,73,34,0,34,630,129,759
SSC10284,0,21,21,49,3,52,21,0,21,20,0,20,6,0,6,4,0,4,100,24,124
SSC10285,0,177,177,186,13,199,63,0,63,47,0,47,14,0,14,9,0,9,319,190,509
SSC10286,0,11,11,26,3,29,5,0,5,9,0,9,6,0,6,0,0,0,46,14,60
SSC10287,0,15,15,27,5,32,12,0,12,15,0,15,0,0,0,0,0,0,54,20,74
SSC10288,0,123,123,129,8,137,65,0,65,39,3,42,20,0,20,7,0,7,260,134,394
SSC10289,0,12,12,25,0,25,4,0,4,8,0,8,3,0,3,6,0,6,46,12,58
SSC10290,0,19,19,37,0,37,21,0,21,21,0,21,11,0,11,3,0,3,93,19,112
SSC10291,0,52,52,68,8,76,17,0,17,18,0,18,6,0,6,3,0,3,112,60,172
SSC10292,0,163,163,145,8,153,75,0,75,63,0,63,33,0,33,11,0,11,327,171,498
SSC10293,0,25,25,44,6,50,20,0,20,20,0,20,11,0,11,10,0,10,105,31,136
SSC10294,0,10,10,30,4,34,6,0,6,11,0,11,4,0,4,0,0,0,51,14,65
SSC10295,0,4,4,13,0,13,3,3,6,10,0,10,0,0,0,0,0,0,26,7,33
SSC10296,0,221,221,225,10,235,66,0,66,61,0,61,48,0,48,15,0,15,415,231,646
SSC10297,0,25,25,70,4,74,20,0,20,19,0,19,5,0,5,3,0,3,117,29,146
SSC10298,0,19,19,30,3,33,12,0,12,4,0,4,10,0,10,3,0,3,59,22,81
SSC10299,0,24,24,51,5,56,12,0,12,25,0,25,7,0,7,4,0,4,99,29,128
SSC10300,0,29,29,34,0,34,7,0,7,9,0,9,8,0,8,3,0,3,61,29,90
SSC10301,0,15,15,70,0,70,27,0,27,16,0,16,19,0,19,3,0,3,135,15,150
SSC10302,0,415,415,933,24,957,818,8,826,958,3,961,551,0,551,359,3,362,3619,453,4072
SSC10303,0,668,668,752,70,822,551,12,563,587,4,591,227,0,227,112,0,112,2229,754,2983
SSC10304,0,0,0,0,0,0,0,0,0,0,0,0,0,0,0,0,0,0,0,0,0
SSC10305,0,0,0,0,0,0,3,0,3,0,0,0,0,0,0,0,0,0,3,0,3
SSC10306,0,247,247,243,23,266,86,0,86,95,0,95,58,0,58,51,0,51,533,270,803
SSC10307,0,130,130,231,8,239,120,3,123,165,3,168,76,0,76,33,0,33,625,144,769
SSC10308,0,10,10,21,0,21,4,0,4,3,0,3,7,0,7,3,0,3,38,10,48
SSC10309,0,71,71,93,7,100,105,0,105,130,0,130,53,0,53,30,0,30,411,78,489
SSC10310,0,18,18,57,0,57,25,0,25,24,0,24,19,0,19,11,0,11,136,18,154
SSC10311,0,79,79,132,7,139,87,0,87,110,0,110,49,0,49,23,0,23,401,86,487
SSC10312,0,223,223,210,11,221,87,3,90,73,0,73,43,0,43,20,0,20,433,237,670
SSC10313,0,39,39,89,0,89,18,0,18,15,0,15,10,0,10,0,0,0,132,39,171
SSC10314,0,43,43,100,4,104,30,0,30,44,0,44,21,0,21,6,0,6,201,47,248
SSC10315,0,1037,1037,1271,52,1323,343,5,348,368,6,374,165,0,165,76,0,76,2223,1100,3323
SSC10316,0,138,138,170,14,184,53,3,56,47,0,47,34,0,34,17,0,17,321,155,476
SSC10317,0,0,0,0,0,0,0,0,0,0,0,0,0,0,0,0,0,0,0,0,0
SSC10318,0,56,56,98,10,108,67,3,70,55,0,55,43,0,43,22,0,22,285,69,354
SSC10319,0,20,20,32,0,32,7,0,7,0,0,0,9,0,9,0,0,0,48,20,68
SSC10320,0,607,607,901,69,970,526,15,541,438,0,438,244,0,244,168,0,168,2277,691,2968
SSC10321,0,32,32,27,3,30,15,0,15,17,0,17,9,0,9,3,0,3,71,35,106
SSC10322,0,175,175,199,13,212,70,3,73,72,0,72,31,0,31,9,0,9,381,191,572
SSC10323,0,16,16,76,0,76,36,0,36,47,0,47,21,0,21,13,0,13,193,16,209
SSC10324,0,96,96,211,3,214,99,3,102,110,0,110,69,0,69,21,0,21,510,102,612
SSC10325,0,30,30,34,6,40,13,0,13,15,0,15,11,0,11,4,0,4,77,36,113
SSC10326,0,65,65,108,4,112,40,0,40,41,0,41,23,0,23,14,0,14,226,69,295
SSC10327,0,23,23,37,0,37,15,0,15,16,0,16,4,0,4,3,0,3,75,23,98
SSC10328,0,39,39,46,0,46,15,0,15,11,0,11,8,0,8,0,0,0,80,39,119
SSC10329,0,204,204,460,22,482,206,3,209,141,0,141,31,0,31,6,0,6,844,229,1073
SSC10330,0,12,12,23,3,26,6,0,6,3,0,3,3,0,3,0,0,0,35,15,50
SSC10331,0,38,38,56,3,59,22,3,25,35,0,35,7,0,7,9,0,9,129,44,173
SSC10332,0,124,124,98,15,113,64,0,64,42,0,42,28,0,28,40,0,40,272,139,411
SSC10333,0,16,16,29,0,29,12,0,12,11,0,11,6,0,6,0,0,0,58,16,74
SSC10334,0,21,21,36,3,39,9,0,9,10,0,10,10,0,10,10,0,10,75,24,99
SSC10335,0,29,29,53,3,56,19,0,19,28,0,28,11,0,11,4,0,4,115,32,147
SSC10336,0,25,25,38,0,38,21,0,21,25,0,25,9,0,9,3,0,3,96,25,121
SSC10337,0,1097,1097,968,116,1084,487,15,502,379,0,379,142,0,142,64,0,64,2040,1228,3268
SSC10338,0,73,73,143,6,149,37,0,37,45,0,45,27,0,27,6,0,6,258,79,337
SSC10339,0,62,62,174,6,180,115,3,118,134,0,134,91,0,91,64,0,64,578,71,649
SSC10340,0,15,15,25,0,25,13,0,13,10,0,10,12,0,12,0,0,0,60,15,75
SSC10341,0,252,252,190,45,235,86,3,89,67,3,70,23,0,23,13,0,13,379,303,682
SSC10342,0,67,67,56,3,59,30,0,30,19,0,19,12,0,12,0,0,0,117,70,187
SSC10343,0,28,28,40,0,40,6,0,6,16,0,16,3,0,3,0,0,0,65,28,93
SSC10344,0,21,21,60,3,63,26,0,26,25,0,25,17,0,17,4,0,4,132,24,156
SSC10345,0,10,10,17,0,17,8,0,8,18,0,18,0,0,0,4,0,4,47,10,57
SSC10346,0,43,43,87,3,90,28,0,28,28,0,28,7,0,7,0,0,0,150,46,196
SSC10347,0,37,37,74,9,83,30,0,30,30,0,30,22,0,22,11,0,11,167,46,213
SSC10348,0,27,27,30,5,35,11,0,11,9,0,9,3,0,3,6,0,6,59,32,91
SSC10349,0,2518,2518,2558,138,2696,994,9,1003,792,6,798,346,0,346,162,0,162,4852,2671,7523
SSC10350,0,632,632,719,142,861,356,28,384,352,13,365,158,5,163,58,0,58,1643,820,2463
SSC10351,0,20,20,38,0,38,12,0,12,13,0,13,7,0,7,9,0,9,79,20,99
SSC10352,0,16,16,25,0,25,12,0,12,16,0,16,9,0,9,3,0,3,65,16,81
SSC10353,0,16,16,29,4,33,15,3,18,18,0,18,3,0,3,4,0,4,69,23,92
SSC10354,0,79,79,83,14,97,35,0,35,50,0,50,23,0,23,3,0,3,194,93,287
SSC10355,0,305,305,290,48,338,163,9,172,117,7,124,47,0,47,17,0,17,634,369,1003
SSC10356,0,34,34,35,0,35,8,0,8,6,0,6,4,0,4,0,0,0,53,34,87
SSC10357,0,31,31,76,5,81,23,0,23,22,0,22,9,0,9,3,0,3,133,36,169
SSC10358,0,183,183,188,4,192,70,3,73,59,0,59,33,0,33,14,0,14,364,190,554
SSC10359,0,4,4,31,0,31,17,6,23,23,5,28,6,7,13,5,0,5,82,22,104
SSC10360,0,89,89,80,12,92,26,0,26,20,0,20,7,0,7,4,0,4,137,101,238
SSC10361,0,16,16,24,0,24,7,0,7,8,0,8,5,0,5,0,0,0,44,16,60
SSC10362,0,23,23,32,0,32,22,0,22,17,0,17,6,0,6,7,0,7,84,23,107
SSC10363,0,296,296,227,35,262,73,3,76,67,3,70,16,0,16,14,0,14,397,337,734
SSC10364,0,35,35,55,4,59,20,0,20,7,0,7,6,0,6,7,0,7,95,39,134
SSC10365,0,34,34,59,0,59,30,0,30,32,0,32,15,0,15,4,0,4,140,34,174
SSC10366,0,20,20,60,0,60,21,0,21,19,0,19,11,0,11,9,0,9,120,20,140
SSC10367,0,17,17,57,3,60,14,0,14,20,0,20,3,0,3,5,0,5,99,20,119
SSC10368,0,415,415,457,42,499,204,6,210,140,0,140,64,0,64,32,0,32,897,463,1360
SSC10369,0,0,0,0,0,0,0,0,0,0,0,0,0,0,0,0,0,0,0,0,0
SSC10370,0,344,344,462,33,495,181,3,184,175,0,175,66,0,66,39,0,39,923,380,1303
SSC10371,0,35,35,28,3,31,13,3,16,8,0,8,9,0,9,3,0,3,61,41,102
SSC10372,0,25,25,68,3,71,21,0,21,20,0,20,8,0,8,4,0,4,121,28,149
SSC10373,0,168,168,202,18,220,85,0,85,69,0,69,36,0,36,11,0,11,403,186,589
SSC10374,0,5,5,49,0,49,16,0,16,27,0,27,9,0,9,5,0,5,106,5,111
SSC10375,0,121,121,135,20,155,72,0,72,66,0,66,25,0,25,15,0,15,313,141,454
SSC10376,0,438,438,579,26,605,352,5,357,361,4,365,170,0,170,61,0,61,1523,473,1996
SSC10377,0,26,26,49,0,49,9,0,9,10,0,10,4,0,4,0,0,0,72,26,98
SSC10378,0,14,14,35,3,38,12,0,12,9,0,9,17,0,17,3,0,3,76,17,93
SSC10379,0,33,33,18,0,18,5,0,5,12,0,12,0,0,0,0,0,0,35,33,68
SSC10380,0,290,290,401,20,421,98,0,98,93,0,93,43,0,43,24,0,24,659,310,969
SSC10381,0,70,70,107,0,107,46,0,46,35,0,35,23,0,23,11,0,11,222,70,292
SSC10382,0,155,155,232,12,244,114,3,117,117,0,117,46,0,46,16,0,16,525,170,695
SSC10383,0,21,21,25,3,28,14,0,14,8,0,8,5,0,5,5,0,5,57,24,81
SSC10384,0,26,26,32,3,35,8,0,8,4,0,4,4,0,4,6,0,6,54,29,83
SSC10385,0,184,184,365,15,380,207,3,210,256,0,256,112,0,112,31,0,31,971,202,1173
SSC10386,0,7,7,22,0,22,8,0,8,12,0,12,5,0,5,4,0,4,51,7,58
SSC10387,0,24,24,49,5,54,20,0,20,14,0,14,9,0,9,4,0,4,96,29,125
SSC10388,0,17,17,28,0,28,7,0,7,9,0,9,11,0,11,3,0,3,58,17,75
SSC10389,0,36,36,40,3,43,12,0,12,9,0,9,7,0,7,0,0,0,68,39,107
SSC10390,0,22,22,31,0,31,9,0,9,6,0,6,10,0,10,3,0,3,59,22,81
SSC10391,0,29,29,49,3,52,16,0,16,19,0,19,11,0,11,4,0,4,99,32,131
SSC10392,0,4,4,6,0,6,3,0,3,0,0,0,4,0,4,5,0,5,18,4,22
SSC10393,0,99,99,127,9,136,66,0,66,58,0,58,29,0,29,15,0,15,295,108,403
SSC10394,0,29,29,99,4,103,33,0,33,43,0,43,21,0,21,7,0,7,203,33,236
SSC10395,0,8,8,59,5,64,20,0,20,24,0,24,14,0,14,4,0,4,121,13,134
SSC10396,0,199,199,448,5,453,93,3,96,94,0,94,62,0,62,24,0,24,721,207,928
SSC10397,0,29,29,42,0,42,10,0,10,10,0,10,6,0,6,5,0,5,73,29,102
SSC10398,0,0,0,0,0,0,0,0,0,0,0,0,0,0,0,0,0,0,0,0,0
SSC10399,0,143,143,284,10,294,167,0,167,249,0,249,148,0,148,36,0,36,884,153,1037
SSC10400,0,15,15,30,0,30,9,0,9,17,0,17,8,0,8,3,0,3,67,15,82
SSC10401,0,33,33,22,5,27,17,0,17,10,0,10,11,0,11,0,0,0,60,38,98
SSC10402,0,12,12,51,0,51,10,0,10,15,0,15,3,0,3,3,0,3,82,12,94
SSC10403,0,38,38,38,3,41,17,0,17,17,0,17,0,0,0,6,0,6,78,41,119
SSC10404,0,171,171,221,21,242,57,0,57,61,0,61,22,0,22,9,0,9,370,192,562
SSC10405,0,63,63,100,11,111,45,3,48,45,3,48,24,0,24,8,0,8,222,80,302
SSC10406,0,25,25,37,3,40,25,0,25,15,0,15,12,0,12,3,0,3,92,28,120
SSC10407,0,24,24,38,3,41,21,0,21,24,0,24,8,0,8,4,0,4,95,27,122
SSC10408,0,9,9,27,0,27,7,0,7,8,0,8,4,0,4,0,0,0,46,9,55
SSC10409,0,912,912,1020,208,1228,729,134,863,672,70,742,270,41,311,167,13,180,2858,1378,4236
SSC10410,0,42,42,69,12,81,28,3,31,50,0,50,31,0,31,12,0,12,190,57,247
SSC10411,0,212,212,280,24,304,216,4,220,200,0,200,143,0,143,119,0,119,958,240,1198
SSC10412,0,63,63,138,3,141,55,0,55,59,0,59,25,0,25,4,0,4,281,66,347
SSC10413,0,104,104,190,4,194,111,0,111,132,0,132,82,0,82,33,0,33,548,108,656
SSC10414,0,18,18,44,3,47,12,0,12,21,0,21,9,0,9,6,0,6,92,21,113
SSC10415,0,37,37,49,3,52,12,0,12,6,4,10,10,0,10,8,0,8,85,44,129
SSC10416,0,667,667,539,156,695,234,73,307,160,42,202,65,3,68,21,0,21,1019,941,1960
SSC10417,0,27,27,36,3,39,3,0,3,12,0,12,6,0,6,4,0,4,61,30,91
SSC10418,0,39,39,167,3,170,74,3,77,72,0,72,29,0,29,14,0,14,356,45,401
SSC10419,0,110,110,272,5,277,120,5,125,127,0,127,39,0,39,15,0,15,573,120,693
SSC10420,0,5,5,3,0,3,9,0,9,3,0,3,5,0,5,3,0,3,23,5,28
SSC10421,0,1236,1236,1374,219,1593,1287,45,1332,1117,17,1134,632,4,636,508,0,508,4918,1521,6439
SSC10422,0,276,276,369,26,395,354,6,360,375,8,383,220,3,223,254,4,258,1572,323,1895
SSC10423,0,45,45,38,3,41,13,0,13,17,0,17,12,0,12,10,0,10,90,48,138
SSC10424,0,22,22,26,3,29,10,0,10,5,0,5,4,0,4,4,0,4,49,25,74
SSC10425,0,196,196,399,17,416,194,4,198,181,0,181,86,0,86,34,0,34,894,217,1111
SSC10426,0,17,17,38,0,38,17,0,17,13,0,13,9,0,9,3,0,3,80,17,97
SSC10427,0,4,4,16,0,16,14,0,14,7,0,7,8,0,8,6,0,6,51,4,55
SSC10428,0,21,21,32,0,32,9,0,9,10,0,10,5,0,5,4,0,4,60,21,81
SSC10429,0,0,0,0,0,0,0,0,0,0,0,0,0,0,0,0,0,0,0,0,0
SSC10430,0,142,142,288,9,297,101,0,101,112,0,112,56,0,56,26,0,26,583,151,734
SSC10431,0,86,86,133,5,138,35,0,35,26,0,26,13,0,13,8,0,8,215,91,306
SSC10432,0,38,38,50,3,53,18,0,18,22,0,22,12,0,12,10,0,10,112,41,153
SSC10433,0,18,18,20,4,24,16,0,16,7,0,7,0,0,0,8,0,8,51,22,73
SSC10434,0,13,13,20,0,20,4,0,4,10,0,10,13,0,13,3,0,3,50,13,63
SSC10435,0,54,54,113,3,116,64,0,64,86,0,86,47,0,47,21,0,21,331,57,388
SSC10436,0,80,80,202,18,220,148,0,148,127,0,127,69,0,69,28,0,28,574,98,672
SSC10437,0,449,449,661,55,716,406,4,410,348,0,348,178,0,178,94,0,94,1687,508,2195
SSC10438,0,405,405,348,34,382,175,4,179,160,0,160,70,3,73,28,0,28,781,446,1227
SSC10439,0,15,15,33,4,37,9,0,9,3,0,3,3,0,3,0,0,0,48,19,67
SSC10440,0,32,32,132,6,138,103,0,103,161,0,161,71,0,71,26,0,26,493,38,531
SSC10441,0,237,237,530,19,549,270,3,273,298,0,298,115,0,115,50,0,50,1263,259,1522
SSC10442,0,135,135,475,22,497,286,3,289,432,4,436,182,0,182,55,0,55,1430,164,1594
SSC10443,0,1037,1037,941,164,1105,395,38,433,322,4,326,75,0,75,13,0,13,1746,1243,2989
SSC10444,0,1206,1206,1156,106,1262,557,13,570,453,6,459,228,3,231,176,0,176,2570,1334,3904
SSC10445,0,1249,1249,1038,299,1337,291,84,375,168,26,194,33,3,36,7,3,10,1537,1664,3201
SSC10446,0,1354,1354,1775,238,2013,1569,73,1642,1201,39,1240,514,16,530,318,5,323,5377,1725,7102
SSC10447,0,89,89,148,22,170,94,3,97,81,0,81,24,0,24,15,0,15,362,114,476
SSC10448,0,61,61,91,5,96,45,0,45,29,0,29,25,0,25,8,0,8,198,66,264
SSC10449,0,13,13,16,3,19,9,0,9,9,0,9,6,0,6,3,0,3,43,16,59
SSC10450,0,20,20,75,5,80,28,0,28,41,3,44,18,0,18,3,0,3,165,28,193
SSC10451,0,356,356,629,50,679,529,8,537,663,3,666,368,0,368,338,3,341,2527,420,2947
SSC10452,0,583,583,608,53,661,544,12,556,521,4,525,303,0,303,238,0,238,2214,652,2866
SSC10453,0,29,29,64,4,68,20,0,20,29,0,29,28,0,28,4,0,4,145,33,178
SSC10454,0,28,28,40,3,43,12,0,12,17,0,17,7,0,7,5,0,5,81,31,112
SSC10455,0,288,288,333,18,351,97,3,100,116,0,116,56,0,56,25,0,25,627,309,936
SSC10456,0,493,493,601,73,674,403,15,418,347,5,352,160,6,166,85,4,89,1596,596,2192
SSC10457,0,292,292,182,19,201,38,0,38,29,0,29,11,0,11,5,0,5,265,311,576
SSC10458,0,12,12,26,0,26,6,0,6,8,0,8,3,0,3,8,0,8,51,12,63
SSC10459,0,44,44,57,4,61,19,0,19,12,0,12,5,0,5,6,0,6,99,48,147
SSC10460,0,72,72,89,12,101,40,0,40,28,0,28,16,0,16,13,0,13,186,84,270
SSC10461,0,14,14,44,0,44,6,0,6,8,0,8,5,0,5,3,0,3,66,14,80
SSC10462,0,58,58,87,3,90,30,0,30,27,0,27,25,0,25,13,0,13,182,61,243
SSC10463,0,580,580,687,62,749,385,7,392,312,3,315,113,0,113,60,0,60,1557,652,2209
SSC10464,0,108,108,138,11,149,76,3,79,72,0,72,30,0,30,9,0,9,325,122,447
SSC10465,0,256,256,375,21,396,191,6,197,177,0,177,74,0,74,30,0,30,847,283,1130
SSC10466,0,139,139,151,9,160,45,0,45,25,0,25,14,0,14,5,0,5,240,148,388
SSC10467,0,43,43,64,3,67,30,0,30,33,0,33,12,0,12,10,0,10,149,46,195
SSC10468,0,18,18,30,0,30,5,5,10,12,0,12,3,0,3,4,0,4,54,23,77
SSC10469,0,1570,1570,1300,161,1461,641,20,661,557,3,560,223,3,226,81,0,81,2802,1757,4559
SSC10470,0,680,680,1171,37,1208,621,9,630,855,3,858,433,0,433,135,0,135,3215,729,3944
SSC10471,0,1072,1072,1998,87,2085,1402,29,1431,1584,13,1597,612,3,615,295,0,295,5891,1204,7095
SSC10472,0,695,695,918,91,1009,644,18,662,580,13,593,232,3,235,157,9,166,2531,829,3360
SSC10473,0,31,31,45,3,48,20,4,24,16,0,16,13,0,13,6,0,6,100,38,138
SSC10474,0,4,4,7,4,11,8,0,8,0,0,0,6,0,6,0,0,0,21,8,29
SSC10475,0,348,348,283,33,316,210,4,214,142,0,142,92,0,92,63,0,63,790,385,1175
SSC10476,0,25,25,34,7,41,16,0,16,11,0,11,11,0,11,5,0,5,77,32,109
SSC10477,0,260,260,255,52,307,97,26,123,75,5,80,26,0,26,5,0,5,458,343,801
SSC10478,0,23,23,21,0,21,10,0,10,7,0,7,5,0,5,3,0,3,46,23,69
SSC10479,0,33,33,49,0,49,15,0,15,17,0,17,15,0,15,6,0,6,102,33,135
SSC10480,0,120,120,102,3,105,58,0,58,85,0,85,52,0,52,16,0,16,313,123,436
SSC10481,0,318,318,168,18,186,96,3,99,111,0,111,66,0,66,57,0,57,498,339,837
SSC10482,0,14,14,20,3,23,6,0,6,12,0,12,3,0,3,5,0,5,46,17,63
SSC10483,0,36,36,142,6,148,68,3,71,95,0,95,38,0,38,24,0,24,367,45,412
SSC10484,0,1290,1290,1358,82,1440,545,13,558,483,0,483,229,0,229,140,0,140,2755,1385,4140
SSC10485,0,33,33,48,3,51,10,0,10,18,0,18,7,0,7,4,0,4,87,36,123
SSC10486,0,119,119,243,5,248,154,0,154,197,3,200,82,0,82,25,0,25,701,127,828
SSC10487,0,25,25,59,3,62,16,3,19,32,0,32,18,0,18,3,0,3,128,31,159
SSC10488,0,1788,1788,3357,146,3503,2192,31,2223,2803,10,2813,1200,12,1212,525,0,525,10077,1987,12064
SSC10489,0,10,10,45,6,51,16,0,16,11,0,11,11,0,11,4,0,4,87,16,103
SSC10490,0,123,123,268,10,278,161,0,161,258,0,258,95,0,95,30,0,30,812,133,945
SSC10491,0,56,56,97,5,102,45,0,45,65,0,65,39,0,39,22,0,22,268,61,329
SSC10492,0,80,80,184,22,206,97,4,101,115,0,115,51,0,51,13,0,13,460,106,566
SSC10493,0,721,721,1053,50,1103,788,9,797,963,5,968,488,0,488,333,0,333,3625,785,4410
SSC10494,0,254,254,358,27,385,107,7,114,94,0,94,52,0,52,29,0,29,640,288,928
SSC10495,0,43,43,105,3,108,63,0,63,77,0,77,68,0,68,45,0,45,358,46,404
SSC10496,0,41,41,52,3,55,29,0,29,26,0,26,3,0,3,3,0,3,113,44,157
SSC10497,0,36,36,66,4,70,43,0,43,38,0,38,23,0,23,7,0,7,177,40,217
SSC10498,0,254,254,505,14,519,232,3,235,254,0,254,101,0,101,35,0,35,1127,271,1398
SSC10499,0,23,23,45,4,49,20,0,20,31,0,31,9,0,9,11,0,11,116,27,143
SSC10500,0,32,32,26,5,31,15,0,15,7,0,7,5,0,5,4,0,4,57,37,94
SSC10501,0,124,124,282,3,285,331,3,334,538,3,541,338,0,338,185,0,185,1674,133,1807
SSC10502,0,55,55,123,0,123,98,3,101,78,0,78,49,0,49,36,0,36,384,58,442
SSC10503,0,26,26,59,3,62,19,0,19,15,0,15,6,0,6,3,0,3,102,29,131
SSC10504,0,496,496,282,91,373,89,12,101,47,3,50,15,0,15,11,0,11,444,602,1046
SSC10505,0,8,8,25,3,28,15,0,15,11,0,11,10,0,10,10,0,10,71,11,82
SSC10506,0,48,48,65,0,65,20,0,20,15,0,15,8,0,8,4,0,4,112,48,160
SSC10507,0,1439,1439,1542,125,1667,747,15,762,620,3,623,299,3,302,132,0,132,3340,1585,4925
SSC10508,0,337,337,453,19,472,98,0,98,110,0,110,38,0,38,26,0,26,725,356,1081
SSC10509,0,31,31,25,3,28,13,0,13,10,0,10,8,0,8,3,0,3,59,34,93
SSC10510,0,0,0,0,0,0,0,0,0,0,0,0,0,0,0,0,0,0,0,0,0
SSC10511,0,1235,1235,1682,112,1794,716,25,741,725,9,734,263,0,263,97,0,97,3483,1381,4864
SSC10512,0,209,209,251,20,271,147,0,147,120,0,120,40,0,40,47,0,47,605,229,834
SSC10513,0,1868,1868,2225,324,2549,1453,110,1563,1202,41,1243,413,19,432,141,6,147,5434,2368,7802
SSC10514,0,69,69,146,5,151,76,3,79,115,3,118,46,0,46,16,0,16,399,80,479
SSC10515,0,21,21,29,0,29,8,0,8,10,0,10,7,0,7,0,0,0,54,21,75
SSC10516,0,64,64,193,6,199,99,7,106,182,3,185,67,0,67,29,0,29,570,80,650
SSC10517,0,662,662,1383,30,1413,1201,0,1201,1635,0,1635,631,0,631,245,0,245,5095,692,5787
SSC10518,0,862,862,868,81,949,648,5,653,650,0,650,373,0,373,338,0,338,2877,948,3825
SSC10519,0,221,221,291,10,301,167,7,174,242,3,245,93,0,93,42,3,45,835,244,1079
SSC10520,0,6,6,20,0,20,13,0,13,12,0,12,5,0,5,3,0,3,53,6,59
SSC10521,0,36,36,36,5,41,15,0,15,15,0,15,5,0,5,4,0,4,75,41,116
SSC10522,0,375,375,237,17,254,52,0,52,40,0,40,21,0,21,11,0,11,361,392,753
SSC10523,0,685,685,480,202,682,125,80,205,68,50,118,15,11,26,9,15,24,697,1043,1740
SSC10524,0,404,404,775,48,823,560,3,563,608,3,611,282,3,285,134,0,134,2359,461,2820
SSC10525,0,4,4,28,3,31,3,0,3,15,0,15,10,0,10,0,0,0,56,7,63
SSC10526,0,348,348,406,57,463,153,12,165,92,3,95,31,0,31,4,0,4,686,420,1106
SSC10527,0,143,143,210,17,227,144,3,147,115,0,115,46,0,46,19,0,19,534,163,697
SSC10528,0,55,55,99,6,105,55,3,58,53,3,56,24,0,24,13,0,13,244,67,311
SSC10529,0,57,57,153,6,159,78,0,78,64,0,64,33,0,33,3,0,3,331,63,394
SSC10530,0,25,25,32,0,32,14,0,14,9,0,9,4,0,4,3,0,3,62,25,87
SSC10531,0,171,171,279,21,300,246,4,250,316,0,316,157,0,157,79,0,79,1077,196,1273
SSC10532,0,19,19,32,0,32,16,0,16,12,0,12,4,0,4,0,0,0,64,19,83
SSC10533,0,90,90,215,8,223,89,0,89,108,0,108,36,0,36,29,0,29,477,98,575
SSC10534,0,14,14,10,0,10,8,0,8,4,0,4,3,0,3,3,0,3,28,14,42
SSC10535,0,25,25,58,4,62,25,0,25,33,3,36,24,0,24,10,0,10,150,32,182
SSC10536,0,120,120,152,16,168,151,4,155,147,0,147,86,0,86,139,0,139,675,140,815
SSC10537,0,117,117,145,7,152,96,0,96,133,0,133,29,0,29,23,0,23,426,124,550
SSC10538,0,11,11,26,3,29,12,0,12,11,0,11,3,0,3,3,0,3,55,14,69
SSC10539,0,21,21,102,0,102,41,0,41,58,0,58,22,3,25,14,0,14,237,24,261
SSC10540,0,63,63,153,3,156,72,3,75,142,0,142,78,0,78,16,3,19,461,72,533
SSC10541,0,29,29,53,7,60,17,0,17,15,0,15,10,0,10,6,0,6,101,36,137
SSC10542,0,415,415,510,103,613,256,16,272,297,0,297,99,3,102,21,0,21,1183,537,1720
SSC10543,0,58,58,121,13,134,53,0,53,57,0,57,31,0,31,5,0,5,267,71,338
SSC10544,0,29,29,67,3,70,22,0,22,22,0,22,15,0,15,9,0,9,135,32,167
SSC10545,0,0,0,0,0,0,0,0,0,0,0,0,0,0,0,0,0,0,0,0,0
SSC10546,0,105,105,269,6,275,88,0,88,108,0,108,38,0,38,13,0,13,516,111,627
SSC10547,0,4,4,21,5,26,10,0,10,10,0,10,8,0,8,3,0,3,52,9,61
SSC10548,0,9,9,18,3,21,11,0,11,15,0,15,11,0,11,5,0,5,60,12,72
SSC10549,0,437,437,459,27,486,172,3,175,171,0,171,97,0,97,39,0,39,938,467,1405
SSC10550,0,71,71,83,6,89,28,0,28,22,0,22,24,0,24,9,0,9,166,77,243
SSC10551,0,54,54,98,7,105,56,0,56,59,0,59,38,3,41,21,3,24,272,67,339
SSC10552,0,28,28,28,4,32,21,3,24,7,0,7,5,0,5,3,0,3,64,35,99
SSC10553,0,3143,3143,3209,381,3590,1238,67,1305,1077,14,1091,457,7,464,223,0,223,6204,3612,9816
SSC10554,0,126,126,174,5,179,58,0,58,58,0,58,48,0,48,18,0,18,356,131,487
SSC10555,0,0,0,0,0,0,0,0,0,0,0,0,0,0,0,0,0,0,0,0,0
SSC10556,0,78,78,133,13,146,51,0,51,86,3,89,36,0,36,10,0,10,316,94,410
SSC10557,0,102,102,85,7,92,36,4,40,21,0,21,21,0,21,16,0,16,179,113,292
SSC10558,0,958,958,1504,119,1623,800,20,820,987,11,998,420,0,420,165,4,169,3876,1112,4988
SSC10559,0,22,22,64,3,67,17,0,17,29,0,29,14,0,14,3,0,3,127,25,152
SSC10560,0,15,15,38,0,38,8,3,11,10,0,10,11,0,11,3,0,3,70,18,88
SSC10561,0,16,16,31,0,31,9,0,9,9,0,9,0,0,0,0,0,0,49,16,65
SSC10562,0,10,10,15,0,15,3,0,3,7,0,7,5,0,5,4,0,4,34,10,44
SSC10563,0,48,48,84,10,94,27,0,27,36,0,36,13,0,13,8,0,8,168,58,226
SSC10564,0,31,31,32,6,38,15,0,15,12,0,12,9,0,9,8,0,8,76,37,113
SSC10565,0,101,101,175,5,180,96,0,96,118,0,118,61,0,61,23,0,23,473,106,579
SSC10566,0,0,0,0,0,0,0,0,0,0,0,0,0,0,0,0,0,0,0,0,0
SSC10567,0,484,484,747,58,805,479,11,490,451,0,451,250,0,250,169,0,169,2096,553,2649
SSC10568,0,3,3,10,3,13,9,0,9,3,0,3,0,0,0,0,0,0,22,6,28
SSC10569,0,59,59,73,7,80,25,4,29,15,0,15,7,0,7,0,0,0,120,70,190
SSC10570,0,15,15,16,0,16,11,0,11,7,0,7,0,0,0,3,0,3,37,15,52
SSC10571,0,171,171,327,27,354,214,3,217,303,0,303,145,0,145,40,0,40,1029,201,1230
SSC10572,0,0,0,6,0,6,0,0,0,7,0,7,3,0,3,0,0,0,16,0,16
SSC10573,0,36,36,26,0,26,9,0,9,11,0,11,3,0,3,8,0,8,57,36,93
SSC10574,0,879,879,1294,89,1383,835,21,856,998,5,1003,426,3,429,178,0,178,3731,997,4728
SSC10575,0,335,335,492,38,530,347,8,355,436,4,440,183,3,186,60,0,60,1518,388,1906
SSC10576,0,486,486,727,47,774,522,7,529,563,0,563,395,0,395,326,0,326,2533,540,3073
SSC10577,0,398,398,452,33,485,212,0,212,166,0,166,95,0,95,51,0,51,976,431,1407
SSC10578,0,19,19,36,0,36,13,0,13,16,0,16,8,0,8,6,0,6,79,19,98
SSC10579,0,31,31,86,3,89,16,0,16,32,0,32,14,0,14,10,0,10,158,34,192
SSC10580,0,17,17,46,3,49,21,0,21,20,0,20,16,0,16,3,0,3,106,20,126
SSC10581,0,22,22,37,0,37,16,0,16,14,0,14,3,0,3,0,0,0,70,22,92
SSC10582,0,25,25,28,0,28,15,0,15,10,3,13,7,0,7,0,0,0,60,28,88
SSC10583,0,244,244,251,25,276,109,8,117,107,6,113,54,0,54,27,0,27,548,283,831
SSC10584,0,40,40,52,5,57,13,0,13,21,0,21,7,0,7,3,0,3,96,45,141
SSC10585,0,150,150,240,12,252,159,0,159,214,0,214,91,0,91,28,0,28,732,162,894
SSC10586,0,299,299,400,39,439,273,3,276,262,0,262,117,0,117,73,0,73,1125,341,1466
SSC10587,0,1807,1807,1801,594,2395,732,179,911,562,35,597,157,9,166,31,6,37,3283,2630,5913
SSC10588,0,18,18,32,3,35,6,0,6,10,0,10,8,0,8,3,0,3,59,21,80
SSC10589,0,29,29,36,0,36,3,0,3,10,0,10,11,0,11,4,0,4,64,29,93
SSC10590,0,37,37,68,4,72,28,0,28,18,0,18,14,0,14,8,0,8,136,41,177
SSC10591,0,577,577,477,149,626,146,60,206,132,13,145,47,3,50,11,3,14,813,805,1618
SSC10592,0,22,22,49,0,49,18,0,18,21,0,21,12,0,12,4,0,4,104,22,126
SSC10593,0,41,41,50,3,53,18,0,18,16,0,16,10,0,10,6,0,6,100,44,144
SSC10594,0,22,22,51,3,54,8,3,11,13,0,13,5,0,5,0,0,0,77,28,105
SSC10595,0,135,135,159,8,167,60,0,60,63,0,63,31,0,31,13,0,13,326,143,469
SSC10596,0,165,165,273,14,287,94,0,94,111,0,111,62,0,62,31,0,31,571,179,750
SSC10597,0,12,12,47,0,47,10,0,10,19,0,19,7,0,7,5,0,5,88,12,100
SSC10598,0,29,29,50,8,58,25,0,25,19,0,19,8,0,8,9,0,9,111,37,148
SSC10599,0,890,890,924,61,985,318,4,322,279,3,282,145,0,145,55,0,55,1721,958,2679
SSC10600,0,34,34,49,3,52,14,0,14,11,0,11,4,0,4,0,0,0,78,37,115
SSC10601,0,59,59,88,4,92,12,3,15,15,0,15,0,0,0,3,0,3,118,66,184
SSC10602,0,73,73,114,8,122,43,0,43,38,0,38,36,0,36,10,0,10,241,81,322
SSC10603,0,375,375,415,36,451,122,0,122,125,0,125,73,0,73,42,0,42,777,411,1188
SSC10604,0,339,339,367,27,394,138,0,138,131,0,131,73,0,73,52,0,52,761,366,1127
SSC10605,0,25,25,54,0,54,22,3,25,20,0,20,11,0,11,5,0,5,112,28,140
SSC10606,0,61,61,79,7,86,24,0,24,17,0,17,10,0,10,7,0,7,137,68,205
SSC10607,0,24,24,42,0,42,14,0,14,11,0,11,10,0,10,4,0,4,81,24,105
SSC10608,0,25,25,35,6,41,25,0,25,13,0,13,8,0,8,4,0,4,85,31,116
SSC10609,0,38,38,59,8,67,22,3,25,14,0,14,9,0,9,7,0,7,111,49,160
SSC10610,0,388,388,529,42,571,241,10,251,265,3,268,123,3,126,68,0,68,1226,446,1672
SSC10611,0,827,827,1049,40,1089,300,0,300,273,0,273,150,0,150,60,0,60,1832,867,2699
SSC10612,0,27,27,65,3,68,23,0,23,31,0,31,8,0,8,3,0,3,130,30,160
SSC10613,0,177,177,257,17,274,157,0,157,188,3,191,76,0,76,33,0,33,711,197,908
SSC10614,0,59,59,80,4,84,18,0,18,22,0,22,7,0,7,9,0,9,136,63,199
SSC10615,0,129,129,158,16,174,68,0,68,63,0,63,35,0,35,34,0,34,358,145,503
SSC10616,0,7,7,10,5,15,3,0,3,3,0,3,5,0,5,4,0,4,25,12,37
SSC10617,0,55,55,97,9,106,46,0,46,52,0,52,17,0,17,9,0,9,221,64,285
SSC10618,0,8,8,33,5,38,20,0,20,15,0,15,12,0,12,4,0,4,84,13,97
SSC10619,0,103,103,340,12,352,225,3,228,442,0,442,184,0,184,80,0,80,1271,118,1389
SSC10620,0,30,30,61,0,61,18,0,18,18,0,18,11,0,11,6,0,6,114,30,144
SSC10621,0,107,107,175,7,182,69,3,72,90,0,90,41,0,41,14,0,14,389,117,506
SSC10622,0,339,339,692,30,722,201,3,204,276,3,279,102,0,102,30,0,30,1301,375,1676
SSC10623,0,24,24,32,3,35,24,0,24,25,0,25,10,0,10,5,0,5,96,27,123
SSC10624,0,722,722,837,60,897,245,5,250,261,0,261,106,0,106,51,0,51,1500,787,2287
SSC10625,0,771,771,784,62,846,382,4,386,342,4,346,136,3,139,49,0,49,1693,844,2537
SSC10626,0,3,3,15,0,15,4,0,4,10,0,10,3,0,3,0,0,0,32,3,35
SSC10627,0,18,18,40,3,43,18,0,18,7,0,7,5,0,5,3,0,3,73,21,94
SSC10628,0,21,21,32,3,35,13,3,16,17,0,17,5,0,5,6,0,6,73,27,100
SSC10629,0,82,82,124,7,131,57,3,60,54,0,54,32,0,32,17,0,17,284,92,376
SSC10630,0,29,29,53,5,58,23,0,23,49,0,49,21,0,21,4,0,4,150,34,184
SSC10631,0,1188,1188,1278,81,1359,460,6,466,421,5,426,233,3,236,106,0,106,2498,1283,3781
SSC10632,0,15,15,19,0,19,5,0,5,6,0,6,5,0,5,3,0,3,38,15,53
SSC10633,0,28,28,34,9,43,13,0,13,8,0,8,10,0,10,3,0,3,68,37,105
SSC10634,0,633,633,1226,69,1295,905,8,913,1025,0,1025,494,3,497,268,0,268,3918,713,4631
SSC10635,0,0,0,0,0,0,0,0,0,0,0,0,0,0,0,0,0,0,0,0,0
SSC10636,0,32,32,38,0,38,13,0,13,15,0,15,8,0,8,0,0,0,74,32,106
SSC10637,0,1824,1824,1527,266,1793,575,68,643,447,10,457,126,3,129,30,0,30,2705,2171,4876
SSC10638,0,325,325,319,35,354,108,6,114,69,0,69,22,0,22,3,0,3,521,366,887
SSC10639,0,196,196,229,17,246,87,0,87,69,0,69,29,0,29,16,0,16,430,213,643
SSC10640,0,705,705,539,70,609,248,13,261,183,5,188,90,0,90,31,0,31,1091,793,1884
SSC10641,0,132,132,193,13,206,110,0,110,97,5,102,71,0,71,54,0,54,525,150,675
SSC10642,0,510,510,661,38,699,377,5,382,537,3,540,230,3,233,98,0,98,1903,559,2462
SSC10643,0,2813,2813,2628,445,3073,867,52,919,628,13,641,253,0,253,76,0,76,4452,3323,7775
SSC10644,0,313,313,392,8,400,114,0,114,114,0,114,51,0,51,22,0,22,693,321,1014
SSC10645,0,22,22,62,0,62,29,0,29,22,0,22,9,0,9,4,0,4,126,22,148
SSC10646,0,34,34,74,0,74,29,3,32,37,0,37,20,0,20,3,0,3,163,37,200
SSC10647,0,0,0,0,0,0,0,0,0,0,0,0,0,0,0,0,0,0,0,0,0
SSC10648,0,49,49,38,0,38,10,0,10,6,0,6,3,0,3,3,0,3,60,49,109
SSC10649,0,619,619,620,117,737,227,27,254,136,8,144,34,0,34,10,3,13,1027,774,1801
SSC10650,0,726,726,862,119,981,604,30,634,647,9,656,292,10,302,133,6,139,2538,900,3438
SSC10651,0,940,940,1017,97,1114,654,15,669,682,6,688,309,3,312,143,0,143,2805,1061,3866
SSC10652,0,23,23,46,6,52,24,0,24,26,0,26,12,0,12,3,0,3,111,29,140
SSC10653,0,63,63,89,3,92,39,0,39,35,0,35,19,0,19,5,0,5,187,66,253
SSC10654,0,64,64,108,6,114,48,0,48,40,0,40,25,0,25,16,0,16,237,70,307
SSC10655,0,21,21,38,3,41,15,0,15,24,0,24,14,0,14,9,0,9,100,24,124
SSC10656,0,39,39,40,3,43,10,0,10,16,0,16,0,0,0,3,0,3,69,42,111
SSC10657,0,348,348,424,27,451,138,3,141,102,3,105,42,0,42,20,0,20,726,381,1107
SSC10658,0,140,140,192,7,199,69,0,69,52,0,52,32,0,32,23,0,23,368,147,515
SSC10659,0,17,17,22,3,25,5,0,5,8,0,8,9,0,9,3,0,3,47,20,67
SSC10660,0,42,42,129,5,134,84,3,87,69,0,69,40,0,40,23,0,23,345,50,395
SSC10661,0,5,5,21,0,21,14,0,14,13,0,13,3,0,3,0,0,0,51,5,56
SSC10662,0,11,11,39,0,39,13,0,13,17,0,17,4,0,4,5,0,5,78,11,89
SSC10663,0,94,94,42,4,46,10,0,10,10,0,10,6,0,6,0,0,0,68,98,166
SSC10664,0,45,45,91,3,94,36,0,36,23,0,23,17,0,17,9,0,9,176,48,224
SSC10665,0,163,163,275,16,291,97,0,97,100,0,100,56,0,56,28,0,28,556,179,735
SSC10666,0,25,25,33,4,37,4,0,4,11,0,11,0,0,0,3,0,3,51,29,80
SSC10667,0,133,133,213,26,239,108,6,114,194,5,199,75,0,75,25,0,25,615,170,785
SSC10668,0,65,65,117,5,122,58,0,58,36,0,36,34,0,34,17,0,17,262,70,332
SSC10669,0,36,36,64,5,69,22,0,22,30,0,30,3,0,3,4,0,4,123,41,164
SSC10670,0,28,28,62,3,65,17,0,17,14,0,14,7,0,7,0,0,0,100,31,131
SSC10671,0,15,15,31,0,31,14,0,14,10,0,10,8,0,8,3,0,3,66,15,81
SSC10672,0,209,209,411,32,443,295,3,298,400,3,403,160,0,160,82,0,82,1348,247,1595
SSC10673,0,63,63,68,0,68,16,3,19,21,0,21,7,0,7,3,0,3,115,66,181
SSC10674,0,18,18,41,0,41,8,0,8,11,0,11,6,0,6,0,0,0,66,18,84
SSC10675,0,259,259,129,18,147,52,3,55,44,0,44,13,0,13,7,0,7,245,280,525
SSC10676,0,86,86,109,0,109,35,0,35,22,0,22,7,0,7,0,0,0,173,86,259
SSC10677,0,24,24,39,0,39,13,0,13,9,0,9,0,0,0,0,0,0,61,24,85
SSC10678,0,239,239,306,19,325,89,0,89,56,0,56,31,0,31,9,0,9,491,258,749
SSC10679,0,11,11,13,0,13,9,0,9,0,0,0,3,0,3,3,0,3,28,11,39
SSC10680,0,19,19,37,0,37,12,0,12,10,0,10,6,0,6,6,0,6,71,19,90
SSC10681,0,22,22,23,3,26,5,0,5,4,0,4,0,0,0,4,0,4,36,25,61
SSC10682,0,39,39,50,0,50,12,0,12,13,0,13,0,0,0,0,0,0,75,39,114
SSC10683,0,893,893,1314,68,1382,661,3,664,638,0,638,241,0,241,116,0,116,2970,964,3934
SSC10684,0,33,33,50,3,53,13,0,13,14,0,14,8,0,8,8,0,8,93,36,129
SSC10685,0,34,34,59,0,59,19,0,19,9,0,9,7,0,7,0,0,0,94,34,128
SSC10686,0,63,63,73,0,73,28,0,28,22,0,22,7,0,7,10,0,10,140,63,203
SSC10687,0,15,15,21,0,21,3,0,3,4,0,4,0,0,0,0,0,0,28,15,43
SSC10688,0,16,16,13,0,13,5,3,8,10,0,10,3,0,3,3,0,3,34,19,53
SSC10689,0,37,37,34,3,37,8,0,8,15,0,15,5,0,5,0,0,0,62,40,102
SSC10690,0,807,807,630,88,718,167,30,197,119,0,119,25,0,25,9,0,9,950,925,1875
SSC10691,0,2277,2277,1436,419,1855,271,118,389,112,50,162,31,15,46,8,9,17,1858,2888,4746
SSC10692,0,55,55,63,5,68,17,3,20,35,0,35,10,0,10,4,0,4,129,63,192
SSC10693,0,212,212,202,89,291,88,57,145,47,50,97,14,20,34,5,6,11,356,434,790
SSC10694,0,107,107,149,6,155,59,3,62,66,0,66,28,0,28,13,0,13,315,116,431
SSC10695,0,23,23,94,3,97,38,0,38,61,0,61,27,0,27,12,0,12,232,26,258
SSC10696,0,69,69,248,4,252,130,0,130,197,0,197,87,0,87,31,0,31,693,73,766
SSC10697,0,260,260,329,20,349,130,0,130,127,0,127,57,0,57,21,0,21,664,280,944
SSC10698,0,83,83,93,11,104,25,0,25,19,0,19,0,0,0,3,0,3,140,94,234
SSC10699,0,118,118,208,13,221,193,5,198,214,0,214,115,0,115,45,0,45,775,136,911
SSC10700,0,2648,2648,2698,417,3115,1278,68,1346,895,21,916,278,3,281,130,3,133,5279,3160,8439
SSC10701,0,34,34,50,4,54,15,0,15,14,0,14,4,0,4,4,0,4,87,38,125
SSC10702,0,34,34,40,4,44,18,0,18,11,0,11,3,0,3,0,0,0,72,38,110
SSC10703,0,80,80,74,0,74,20,0,20,13,0,13,10,0,10,3,0,3,120,80,200
SSC10704,0,37,37,53,0,53,32,0,32,24,0,24,15,0,15,3,4,7,127,41,168
SSC10705,0,58,58,83,3,86,28,0,28,21,0,21,17,0,17,8,0,8,157,61,218
SSC10706,0,58,58,86,11,97,67,0,67,86,0,86,39,0,39,34,0,34,312,69,381
SSC10707,0,54,54,87,0,87,13,0,13,23,0,23,5,0,5,5,0,5,133,54,187
SSC10708,0,1000,1000,1049,55,1104,376,6,382,321,3,324,160,0,160,71,0,71,1977,1064,3041
SSC10709,0,143,143,301,18,319,208,4,212,290,0,290,121,0,121,45,4,49,965,169,1134
SSC10710,0,103,103,183,8,191,130,0,130,173,3,176,68,0,68,28,0,28,582,114,696
SSC10711,0,42,42,81,0,81,39,5,44,97,0,97,25,0,25,8,0,8,250,47,297
SSC10712,0,187,187,207,15,222,78,3,81,93,0,93,56,0,56,17,0,17,451,205,656
SSC10713,0,29,29,49,0,49,17,0,17,12,0,12,8,0,8,0,0,0,86,29,115
SSC10714,0,102,102,216,14,230,162,3,165,138,0,138,90,0,90,86,0,86,692,119,811
SSC10715,0,60,60,130,5,135,48,0,48,35,0,35,26,0,26,7,0,7,246,65,311
SSC10716,0,15,15,25,0,25,14,0,14,10,0,10,0,0,0,0,0,0,49,15,64
SSC10717,0,15,15,54,3,57,26,0,26,42,0,42,25,0,25,8,0,8,155,18,173
SSC10718,0,327,327,257,17,274,118,0,118,75,0,75,23,0,23,14,0,14,487,344,831
SSC10719,0,17,17,37,8,45,15,0,15,6,0,6,3,0,3,0,0,0,61,25,86
SSC10720,0,50,50,109,5,114,40,0,40,27,0,27,8,0,8,11,0,11,195,55,250
SSC10721,0,30,30,57,4,61,3,0,3,11,0,11,7,0,7,3,0,3,81,34,115
SSC10722,0,714,714,989,75,1064,816,14,830,737,3,740,423,4,427,315,0,315,3280,810,4090
SSC10723,0,14,14,43,3,46,19,0,19,20,0,20,12,0,12,6,0,6,100,17,117
SSC10724,0,172,172,262,14,276,84,0,84,82,0,82,32,0,32,20,0,20,480,186,666
SSC10725,0,188,188,242,10,252,61,0,61,72,0,72,26,0,26,14,0,14,415,198,613
SSC10726,0,680,680,660,153,813,213,29,242,137,7,144,74,3,77,9,0,9,1093,872,1965
SSC10727,0,29,29,31,0,31,10,0,10,11,0,11,9,0,9,7,0,7,68,29,97
SSC10728,0,50,50,115,3,118,75,5,80,89,0,89,49,0,49,16,0,16,344,58,402
SSC10729,0,236,236,364,34,398,211,8,219,269,3,272,163,0,163,44,0,44,1051,281,1332
SSC10730,0,18,18,45,4,49,14,0,14,23,3,26,25,0,25,7,0,7,114,25,139
SSC10731,0,18,18,23,3,26,21,0,21,13,0,13,12,0,12,8,0,8,77,21,98
SSC10732,0,111,111,106,0,106,4,0,4,4,0,4,3,0,3,3,0,3,120,111,231
SSC10733,0,63,63,46,8,54,19,0,19,0,0,0,10,0,10,8,0,8,83,71,154
SSC10734,0,1286,1286,1500,199,1699,623,65,688,570,18,588,181,3,184,43,0,43,2917,1571,4488
SSC10735,0,3294,3294,3640,342,3982,1730,46,1776,1588,15,1603,802,4,806,460,3,463,8220,3704,11924
SSC10736,0,14,14,37,0,37,21,0,21,15,0,15,13,0,13,11,0,11,97,14,111
SSC10737,0,22,22,32,0,32,10,0,10,11,0,11,3,0,3,0,0,0,56,22,78
SSC10738,0,154,154,312,15,327,121,0,121,145,0,145,63,0,63,21,0,21,662,169,831
SSC10739,0,20,20,39,0,39,21,0,21,38,0,38,16,0,16,4,0,4,118,20,138
SSC10740,0,13,13,55,4,59,15,0,15,15,0,15,8,0,8,4,0,4,97,17,114
SSC10741,0,1576,1576,1510,269,1779,806,46,852,646,18,664,219,9,228,75,0,75,3256,1918,5174
SSC10742,0,3,3,9,0,9,7,0,7,5,0,5,0,0,0,0,0,0,21,3,24
SSC10743,0,16,16,52,3,55,9,3,12,17,0,17,6,0,6,4,0,4,88,22,110
SSC10744,0,121,121,181,8,189,50,0,50,37,0,37,11,0,11,3,0,3,282,129,411
SSC10745,0,262,262,340,40,380,217,3,220,255,0,255,101,0,101,55,0,55,968,305,1273
SSC10746,0,395,395,403,36,439,278,12,290,324,7,331,113,7,120,62,0,62,1180,457,1637
SSC10747,0,26,26,27,4,31,7,0,7,6,0,6,7,0,7,3,0,3,50,30,80
SSC10748,0,37,37,23,5,28,3,0,3,8,0,8,3,0,3,3,0,3,40,42,82
SSC10749,0,125,125,182,9,191,41,0,41,47,0,47,32,0,32,19,0,19,321,134,455
SSC10750,0,22,22,61,6,67,13,0,13,13,0,13,7,0,7,3,0,3,97,28,125
SSC10751,0,292,292,293,11,304,119,3,122,100,0,100,49,0,49,15,0,15,576,306,882
SSC10752,0,37,37,69,4,73,30,0,30,36,0,36,10,0,10,7,0,7,152,41,193
SSC10753,0,18,18,32,3,35,15,0,15,18,0,18,8,0,8,0,0,0,73,21,94
SSC10754,0,65,65,100,5,105,43,0,43,54,0,54,22,0,22,8,0,8,227,70,297
SSC10755,0,13,13,60,0,60,24,0,24,31,0,31,18,0,18,9,0,9,142,13,155
SSC10756,0,386,386,614,20,634,406,3,409,512,0,512,250,0,250,132,0,132,1914,409,2323
SSC10757,0,22,22,22,6,28,11,0,11,16,0,16,6,0,6,7,0,7,62,28,90
SSC10758,0,42,42,67,6,73,27,0,27,32,0,32,13,0,13,8,0,8,147,48,195
SSC10759,0,29,29,36,4,40,11,0,11,7,0,7,5,0,5,4,0,4,63,33,96
SSC10760,0,22,22,52,7,59,17,0,17,11,0,11,11,0,11,8,0,8,99,29,128
SSC10761,0,225,225,396,36,432,333,0,333,407,0,407,202,0,202,114,0,114,1452,261,1713
SSC10762,0,5,5,37,3,40,9,0,9,11,0,11,3,0,3,4,0,4,64,8,72
SSC10763,0,1034,1034,1685,88,1773,1063,11,1074,1126,5,1131,481,0,481,241,3,244,4596,1141,5737
SSC10764,0,793,793,792,109,901,305,32,337,324,6,330,125,3,128,42,0,42,1588,943,2531
SSC10765,0,563,563,854,74,928,269,18,287,264,3,267,95,0,95,28,0,28,1510,658,2168
SSC10766,0,87,87,181,3,184,77,0,77,115,0,115,44,0,44,24,0,24,441,90,531
SSC10767,0,105,105,180,7,187,110,3,113,103,0,103,62,0,62,21,0,21,476,115,591
SSC10768,0,19,19,46,4,50,32,0,32,10,0,10,12,0,12,10,0,10,110,23,133
SSC10769,0,457,457,418,51,469,188,6,194,159,5,164,61,0,61,27,0,27,853,519,1372
SSC10770,0,740,740,563,29,592,215,11,226,149,0,149,49,0,49,33,0,33,1009,780,1789
SSC10771,0,37,37,41,4,45,16,0,16,23,0,23,0,0,0,3,0,3,83,41,124
SSC10772,0,292,292,309,28,337,166,4,170,222,0,222,101,0,101,44,0,44,842,324,1166
SSC10773,0,27,27,52,0,52,24,0,24,30,0,30,11,0,11,4,0,4,121,27,148
SSC10774,0,193,193,168,12,180,72,3,75,64,0,64,25,3,28,15,0,15,344,211,555
SSC10775,0,100,100,233,8,241,183,0,183,222,3,225,111,3,114,41,0,41,790,114,904
SSC10776,0,53,53,167,7,174,104,0,104,125,0,125,90,0,90,52,0,52,538,60,598
SSC10777,0,168,168,283,8,291,162,4,166,300,0,300,151,0,151,46,0,46,942,180,1122
SSC10778,0,625,625,555,70,625,281,26,307,257,13,270,90,5,95,46,0,46,1229,739,1968
SSC10779,0,1401,1401,1404,114,1518,615,19,634,546,4,550,242,0,242,110,0,110,2917,1538,4455
SSC10780,0,113,113,240,8,248,123,0,123,195,0,195,63,0,63,23,0,23,644,121,765
SSC10781,0,21,21,38,0,38,17,0,17,24,0,24,14,0,14,3,0,3,96,21,117
SSC10782,0,623,623,722,61,783,275,13,288,232,7,239,94,3,97,49,0,49,1372,707,2079
SSC10783,0,34,34,36,4,40,22,0,22,4,0,4,6,0,6,3,0,3,71,38,109
SSC10784,0,44,44,79,6,85,36,0,36,45,0,45,23,0,23,21,0,21,204,50,254
SSC10785,0,77,77,75,10,85,50,3,53,58,3,61,19,0,19,9,0,9,211,93,304
SSC10786,0,737,737,618,86,704,445,27,472,399,13,412,165,0,165,62,0,62,1689,863,2552
SSC10787,0,1135,1135,1434,142,1576,1029,67,1096,1067,45,1112,410,23,433,201,18,219,4141,1430,5571
SSC10788,0,19,19,52,3,55,15,0,15,17,0,17,12,0,12,11,0,11,107,22,129
SSC10789,0,56,56,88,5,93,47,0,47,65,0,65,25,0,25,22,0,22,247,61,308
SSC10790,0,33,33,45,3,48,19,0,19,12,0,12,3,0,3,6,0,6,85,36,121
SSC10791,0,353,353,457,40,497,174,3,177,112,0,112,61,0,61,22,0,22,826,396,1222
SSC10792,0,52,52,81,6,87,26,0,26,30,0,30,14,0,14,4,0,4,155,58,213
SSC10793,0,236,236,524,16,540,532,0,532,678,0,678,406,0,406,249,0,249,2389,252,2641
SSC10794,0,452,452,305,66,371,78,24,102,35,0,35,6,6,12,6,0,6,430,548,978
SSC10795,0,577,577,767,48,815,400,5,405,334,0,334,154,0,154,58,0,58,1713,630,2343
SSC10796,0,19,19,32,0,32,8,0,8,9,0,9,8,0,8,0,0,0,57,19,76
SSC10797,0,29,29,26,0,26,29,0,29,12,0,12,15,0,15,15,0,15,97,29,126
SSC10798,0,90,90,236,6,242,109,0,109,151,0,151,65,0,65,21,0,21,582,96,678
SSC10799,0,48,48,53,8,61,12,0,12,15,0,15,7,0,7,3,0,3,90,56,146
SSC10800,0,143,143,343,16,359,208,7,215,306,0,306,153,0,153,37,0,37,1047,166,1213
SSC10801,0,251,251,456,13,469,263,3,266,302,3,305,118,3,121,56,0,56,1195,273,1468
SSC10802,0,289,289,683,16,699,305,3,308,409,0,409,161,0,161,45,0,45,1603,308,1911
SSC10803,0,394,394,618,34,652,303,6,309,307,3,310,140,0,140,53,0,53,1421,437,1858
SSC10804,0,1676,1676,802,175,977,130,28,158,45,3,48,4,0,4,0,0,0,981,1882,2863
SSC10805,0,21,21,38,0,38,9,0,9,11,0,11,8,0,8,0,0,0,66,21,87
SSC10806,0,0,0,0,0,0,0,0,0,0,0,0,0,0,0,0,0,0,0,0,0
SSC10807,0,51,51,86,3,89,50,0,50,44,0,44,33,0,33,7,0,7,220,54,274
SSC10808,0,33,33,74,3,77,27,0,27,26,0,26,16,0,16,12,0,12,155,36,191
SSC10809,0,22,22,25,3,28,14,0,14,15,0,15,8,0,8,3,0,3,65,25,90
SSC10810,0,45,45,40,3,43,17,3,20,13,0,13,3,0,3,3,0,3,76,51,127
SSC10811,0,31,31,40,6,46,14,0,14,13,0,13,13,0,13,0,0,0,80,37,117
SSC10812,0,29,29,78,0,78,38,0,38,53,0,53,31,0,31,16,0,16,216,29,245
SSC10813,0,9,9,22,3,25,18,0,18,22,0,22,11,0,11,3,0,3,76,12,88
SSC10814,0,34,34,60,3,63,23,0,23,20,0,20,11,0,11,23,0,23,137,37,174
SSC10815,0,20,20,36,5,41,20,0,20,25,0,25,10,0,10,3,0,3,94,25,119
SSC10816,0,101,101,281,17,298,134,4,138,124,0,124,59,0,59,22,0,22,620,122,742
SSC10817,0,18,18,29,3,32,14,0,14,17,0,17,4,0,4,3,0,3,67,21,88
SSC10818,0,165,165,151,20,171,117,0,117,106,3,109,65,0,65,88,0,88,527,188,715
SSC10819,0,89,89,118,6,124,38,0,38,29,0,29,11,0,11,0,0,0,196,95,291
SSC10820,0,180,180,265,13,278,124,0,124,159,0,159,52,0,52,28,0,28,628,193,821
SSC10821,0,21,21,59,4,63,16,0,16,23,0,23,11,0,11,6,0,6,115,25,140
SSC10822,0,137,137,281,15,296,179,0,179,263,0,263,94,0,94,76,0,76,893,152,1045
SSC10823,0,637,637,923,41,964,474,7,481,493,3,496,212,0,212,83,0,83,2185,688,2873
SSC10824,0,218,218,229,24,253,186,3,189,176,3,179,63,3,66,39,0,39,693,251,944
SSC10825,0,882,882,1774,74,1848,975,3,978,1230,3,1233,567,0,567,189,0,189,4735,962,5697
SSC10826,0,40,40,35,6,41,33,4,37,18,0,18,10,0,10,0,0,0,96,50,146
SSC10827,0,475,475,401,121,522,168,56,224,140,26,166,38,10,48,10,0,10,757,688,1445
SSC10828,0,25,25,17,0,17,8,0,8,6,0,6,7,0,7,9,0,9,47,25,72
SSC10829,0,1369,1369,1871,153,2024,1357,74,1431,1485,37,1522,541,9,550,200,10,210,5454,1652,7106
SSC10830,0,11,11,35,3,38,13,0,13,12,0,12,8,0,8,4,0,4,72,14,86
SSC10831,0,723,723,590,25,615,199,3,202,219,0,219,86,0,86,34,0,34,1128,751,1879
SSC10832,0,20,20,35,0,35,18,0,18,39,0,39,8,0,8,12,0,12,112,20,132
SSC10833,0,685,685,819,70,889,560,14,574,639,6,645,265,0,265,133,0,133,2416,775,3191
SSC10834,0,54,54,74,3,77,34,3,37,29,0,29,8,0,8,4,0,4,149,60,209
SSC10835,0,156,156,380,24,404,386,3,389,533,0,533,289,0,289,119,0,119,1707,183,1890
SSC10836,0,991,991,1105,349,1454,374,104,478,227,28,255,37,7,44,11,0,11,1754,1479,3233
SSC10837,0,18,18,32,3,35,17,0,17,21,0,21,18,0,18,3,0,3,91,21,112
SSC10838,0,109,109,211,11,222,193,0,193,157,3,160,79,0,79,54,0,54,694,123,817
SSC10839,0,104,104,208,31,239,87,17,104,91,16,107,56,0,56,24,0,24,466,168,634
SSC10840,0,845,845,668,78,746,260,6,266,161,0,161,55,0,55,36,0,36,1180,929,2109
SSC10841,0,18,18,29,0,29,15,0,15,6,0,6,6,0,6,5,0,5,61,18,79
SSC10842,0,59,59,52,4,56,10,0,10,15,0,15,10,0,10,7,0,7,94,63,157
SSC10843,0,102,102,137,6,143,45,0,45,34,0,34,25,0,25,5,0,5,246,108,354
SSC10844,0,12,12,30,0,30,6,0,6,7,0,7,4,0,4,5,0,5,52,12,64
SSC10845,0,18,18,67,0,67,39,0,39,59,0,59,28,0,28,5,0,5,198,18,216
SSC10846,0,43,43,45,5,50,24,0,24,17,0,17,11,0,11,3,0,3,100,48,148
SSC10847,0,31,31,49,0,49,24,0,24,23,0,23,6,0,6,8,0,8,110,31,141
SSC10848,0,28,28,43,0,43,16,0,16,10,0,10,8,0,8,4,0,4,81,28,109
SSC10849,0,24,24,38,3,41,8,0,8,18,0,18,4,0,4,7,0,7,75,27,102
SSC10850,0,24,24,50,0,50,11,0,11,19,0,19,6,0,6,3,0,3,89,24,113
SSC10851,0,18,18,35,0,35,13,0,13,10,0,10,7,0,7,3,0,3,68,18,86
SSC10852,0,7,7,42,0,42,20,0,20,19,0,19,10,0,10,5,0,5,96,7,103
SSC10853,0,58,58,96,0,96,34,6,40,39,0,39,27,0,27,10,0,10,206,64,270
SSC10854,0,437,437,407,23,430,148,5,153,97,0,97,51,0,51,18,0,18,721,465,1186
SSC10855,0,20,20,33,0,33,12,0,12,11,0,11,5,0,5,4,0,4,65,20,85
SSC10856,0,52,52,50,19,69,35,7,42,15,9,24,7,0,7,3,0,3,110,87,197
SSC10857,0,20,20,37,3,40,12,3,15,17,0,17,5,0,5,3,0,3,74,26,100
SSC10858,0,43,43,38,0,38,9,0,9,4,0,4,7,0,7,3,0,3,61,43,104
SSC10859,0,41,41,74,11,85,33,9,42,43,0,43,14,0,14,12,0,12,176,61,237
SSC10860,0,73,73,135,4,139,38,3,41,35,0,35,27,0,27,7,0,7,242,80,322
SSC10861,0,44,44,92,5,97,19,0,19,25,0,25,12,0,12,3,0,3,151,49,200
SSC10862,0,1171,1171,1273,103,1376,1049,26,1075,955,9,964,523,0,523,442,0,442,4242,1309,5551
SSC10863,0,288,288,332,21,353,226,7,233,254,0,254,170,0,170,184,0,184,1166,316,1482
SSC10864,0,373,373,419,19,438,356,4,360,366,3,369,254,3,257,211,0,211,1606,402,2008
SSC10865,0,384,384,747,42,789,557,7,564,607,0,607,431,0,431,331,0,331,2673,433,3106
SSC10866,0,579,579,766,97,863,334,42,376,297,3,300,102,3,105,16,0,16,1515,724,2239
SSC10867,0,9,9,45,0,45,22,0,22,12,0,12,5,0,5,9,0,9,93,9,102
SSC10868,0,819,819,818,121,939,346,36,382,345,7,352,142,0,142,56,3,59,1707,986,2693
SSC10869,0,50,50,112,3,115,60,0,60,59,0,59,21,0,21,18,0,18,270,53,323
SSC10870,0,17,17,53,3,56,12,0,12,14,0,14,3,0,3,9,0,9,91,20,111
SSC10871,0,14,14,24,0,24,16,0,16,15,0,15,7,0,7,4,0,4,66,14,80
SSC10872,0,184,184,436,20,456,254,3,257,295,3,298,136,0,136,42,0,42,1163,210,1373
SSC10873,0,47,47,85,7,92,30,0,30,35,0,35,15,0,15,4,0,4,169,54,223
SSC10874,0,267,267,447,24,471,252,6,258,253,0,253,112,0,112,58,0,58,1122,297,1419
SSC10875,0,16,16,43,0,43,13,0,13,8,0,8,9,0,9,4,0,4,77,16,93
SSC10876,0,22,22,41,4,45,16,0,16,20,0,20,17,0,17,6,0,6,100,26,126
SSC10877,0,64,64,74,7,81,48,0,48,41,0,41,23,0,23,3,0,3,189,71,260
SSC10878,0,149,149,222,9,231,84,3,87,78,3,81,27,0,27,16,0,16,427,164,591
SSC10879,0,250,250,297,10,307,84,0,84,53,0,53,30,0,30,8,0,8,472,260,732
SSC10880,0,0,0,0,0,0,0,0,0,0,0,0,0,0,0,0,0,0,0,0,0
SSC10881,0,177,177,135,4,139,59,3,62,50,0,50,21,0,21,6,0,6,271,184,455
SSC10882,0,13,13,32,7,39,18,0,18,16,0,16,12,0,12,3,0,3,81,20,101
SSC10883,0,23,23,51,6,57,27,0,27,25,0,25,4,0,4,5,0,5,112,29,141
SSC10884,0,10,10,36,0,36,16,3,19,8,0,8,7,0,7,3,0,3,70,13,83
SSC10885,0,0,0,0,0,0,0,0,0,0,0,0,0,0,0,0,0,0,0,0,0
SSC10886,0,12,12,28,3,31,9,0,9,17,0,17,8,0,8,7,0,7,69,15,84
SSC10887,0,16,16,38,3,41,18,0,18,12,0,12,7,0,7,5,0,5,80,19,99
SSC10888,0,733,733,1171,57,1228,599,10,609,717,3,720,307,0,307,105,0,105,2899,803,3702
SSC10889,0,208,208,261,20,281,55,0,55,45,0,45,23,0,23,4,0,4,388,228,616
SSC10890,0,41,41,59,8,67,22,0,22,25,0,25,23,0,23,4,0,4,133,49,182
SSC10891,0,333,333,379,21,400,99,0,99,87,0,87,53,0,53,37,0,37,655,354,1009
SSC10892,0,44,44,105,6,111,23,0,23,22,0,22,4,0,4,3,0,3,157,50,207
SSC10893,0,0,0,0,0,0,0,0,0,0,0,0,0,0,0,0,0,0,0,0,0
SSC10894,0,57,57,63,4,67,27,0,27,9,0,9,9,0,9,6,0,6,114,61,175
SSC10895,0,38,38,52,0,52,12,0,12,5,0,5,10,0,10,0,0,0,79,38,117
SSC10896,0,77,77,175,3,178,52,0,52,68,0,68,18,0,18,5,0,5,318,80,398
SSC10897,0,20,20,33,3,36,6,0,6,7,0,7,8,0,8,0,0,0,54,23,77
SSC10898,0,863,863,992,128,1120,606,34,640,542,4,546,191,0,191,45,0,45,2376,1029,3405
SSC10899,0,55,55,190,7,197,153,0,153,245,0,245,105,0,105,41,0,41,734,62,796
SSC10900,0,254,254,496,25,521,288,0,288,423,0,423,161,0,161,65,0,65,1433,279,1712
SSC10901,0,74,74,149,9,158,93,3,96,115,0,115,57,0,57,17,0,17,431,86,517
SSC10902,0,965,965,1023,59,1082,342,6,348,311,0,311,187,0,187,87,0,87,1950,1030,2980
SSC10903,0,135,135,183,23,206,103,3,106,108,0,108,56,0,56,18,0,18,468,161,629
SSC10904,0,371,371,324,105,429,147,57,204,106,24,130,20,7,27,7,4,11,604,568,1172
SSC10905,0,23,23,58,3,61,19,0,19,21,0,21,19,0,19,11,0,11,128,26,154
SSC10906,0,580,580,717,34,751,448,7,455,570,5,575,258,0,258,88,0,88,2081,626,2707
SSC10907,0,138,138,298,25,323,129,5,134,184,4,188,74,0,74,20,0,20,705,172,877
SSC10908,0,1712,1712,2257,124,2381,571,9,580,477,5,482,239,0,239,82,0,82,3626,1850,5476
SSC10909,0,13,13,24,0,24,10,0,10,7,0,7,6,0,6,4,0,4,51,13,64
SSC10910,0,26,26,36,4,40,12,0,12,12,0,12,5,0,5,3,0,3,68,30,98
SSC10911,0,29,29,69,3,72,31,0,31,39,0,39,22,0,22,8,0,8,169,32,201
SSC10912,0,12,12,39,4,43,11,0,11,9,0,9,4,0,4,0,0,0,63,16,79
SSC10913,0,27,27,62,3,65,23,0,23,17,0,17,7,0,7,6,0,6,115,30,145
SSC10914,0,95,95,130,9,139,71,0,71,62,0,62,31,0,31,24,0,24,318,104,422
SSC10915,0,8,8,0,0,0,0,0,0,0,0,0,0,0,0,0,0,0,0,8,8
SSC10916,0,96,96,175,8,183,119,3,122,125,0,125,78,0,78,42,0,42,539,107,646
SSC10917,0,458,458,1162,41,1203,725,17,742,1131,7,1138,469,3,472,160,0,160,3647,526,4173
SSC10918,0,881,881,956,175,1131,488,31,519,477,5,482,173,0,173,55,0,55,2149,1092,3241
SSC10919,0,57,57,48,5,53,16,0,16,15,0,15,8,0,8,7,0,7,94,62,156
SSC10920,0,18,18,42,0,42,14,0,14,15,0,15,12,0,12,0,0,0,83,18,101
SSC10921,0,32,32,40,4,44,13,0,13,12,0,12,8,0,8,3,0,3,76,36,112
SSC10922,0,208,208,296,17,313,148,0,148,188,0,188,99,0,99,52,0,52,783,225,1008
SSC10923,0,39,39,60,0,60,11,3,14,10,0,10,7,0,7,10,0,10,98,42,140
SSC10924,0,80,80,86,7,93,14,0,14,24,0,24,20,0,20,11,0,11,155,87,242
SSC10925,0,64,64,58,6,64,31,3,34,30,0,30,11,0,11,7,0,7,137,73,210
SSC10926,0,95,95,220,6,226,111,0,111,125,0,125,65,0,65,21,0,21,542,101,643
SSC10927,0,17,17,32,0,32,10,0,10,9,0,9,3,0,3,3,0,3,57,17,74
SSC10928,0,353,353,391,32,423,213,3,216,182,0,182,98,0,98,50,0,50,934,388,1322
SSC10929,0,79,79,99,3,102,29,0,29,26,0,26,5,0,5,10,0,10,169,82,251
SSC10930,0,351,351,744,19,763,453,4,457,539,0,539,320,0,320,173,0,173,2229,374,2603
SSC10931,0,30,30,34,4,38,18,0,18,20,0,20,16,0,16,7,0,7,95,34,129
SSC10932,0,253,253,269,35,304,133,6,139,109,0,109,23,0,23,18,0,18,552,294,846
SSC10933,0,20,20,30,5,35,11,0,11,20,0,20,3,0,3,4,0,4,68,25,93
SSC10934,0,27,27,64,8,72,29,0,29,33,0,33,15,0,15,4,0,4,145,35,180
SSC10935,0,286,286,400,14,414,149,3,152,213,0,213,105,0,105,42,0,42,909,303,1212
SSC10936,0,69,69,114,6,120,28,0,28,28,0,28,15,0,15,13,0,13,198,75,273
SSC10937,0,63,63,108,7,115,51,0,51,42,0,42,28,0,28,11,0,11,240,70,310
SSC10938,0,12,12,29,0,29,4,0,4,9,0,9,8,0,8,0,0,0,50,12,62
SSC10939,0,25,25,45,3,48,8,0,8,4,0,4,0,0,0,3,0,3,60,28,88
SSC10940,0,44,44,91,8,99,43,0,43,40,0,40,18,0,18,7,0,7,199,52,251
SSC10941,0,366,366,408,15,423,164,0,164,139,0,139,78,0,78,28,0,28,817,381,1198
SSC10942,0,20,20,37,0,37,8,0,8,4,0,4,6,0,6,3,0,3,58,20,78
SSC10943,0,43,43,50,4,54,24,0,24,11,0,11,15,0,15,5,0,5,105,47,152
SSC10944,0,134,134,188,14,202,77,0,77,75,0,75,31,0,31,15,0,15,386,148,534
SSC10945,0,28,28,42,0,42,17,0,17,14,0,14,5,0,5,3,0,3,81,28,109
SSC10946,0,11,11,24,0,24,12,0,12,4,0,4,3,0,3,3,0,3,46,11,57
SSC10947,0,185,185,169,42,211,71,8,79,65,3,68,17,0,17,12,0,12,334,238,572
SSC10948,0,12,12,24,6,30,16,0,16,10,0,10,5,0,5,0,0,0,55,18,73
SSC10949,0,12,12,26,3,29,10,0,10,4,0,4,5,0,5,7,0,7,52,15,67
SSC10950,0,329,329,397,27,424,290,4,294,330,0,330,125,0,125,87,0,87,1229,360,1589
SSC10951,0,1415,1415,1175,117,1292,601,24,625,681,8,689,260,0,260,92,0,92,2809,1564,4373
SSC10952,0,34,34,52,5,57,24,0,24,18,0,18,9,0,9,0,0,0,103,39,142
SSC10953,0,1882,1882,1410,327,1737,502,119,621,312,62,374,106,19,125,44,8,52,2374,2417,4791
SSC10954,0,65,65,315,8,323,251,3,254,316,0,316,171,0,171,104,0,104,1157,76,1233
SSC10955,0,46,46,42,4,46,9,0,9,10,0,10,9,0,9,4,0,4,74,50,124
SSC10956,0,827,827,898,57,955,291,6,297,238,0,238,137,0,137,59,0,59,1623,890,2513
SSC10957,0,9,9,29,3,32,8,0,8,21,0,21,15,0,15,7,0,7,80,12,92
SSC10958,0,16,16,42,0,42,13,0,13,13,0,13,3,0,3,3,0,3,74,16,90
SSC10959,0,322,322,477,28,505,275,5,280,350,6,356,177,0,177,62,0,62,1341,361,1702
SSC10960,0,28,28,57,3,60,16,0,16,20,0,20,10,0,10,3,0,3,106,31,137
SSC10961,0,334,334,385,30,415,208,6,214,202,0,202,67,0,67,34,0,34,896,370,1266
SSC10962,0,116,116,287,21,308,321,3,324,374,0,374,190,0,190,120,0,120,1292,140,1432
SSC10963,0,10,10,32,0,32,16,0,16,20,0,20,7,0,7,5,0,5,80,10,90
SSC10964,0,470,470,646,42,688,528,3,531,452,0,452,192,0,192,100,0,100,1918,515,2433
SSC10965,0,414,414,608,50,658,337,16,353,311,3,314,140,0,140,45,0,45,1441,483,1924
SSC10966,0,226,226,577,17,594,335,0,335,487,0,487,205,0,205,77,0,77,1681,243,1924
SSC10967,0,34,34,60,0,60,25,0,25,21,0,21,13,0,13,3,0,3,122,34,156
SSC10968,0,632,632,1511,63,1574,1203,11,1214,1681,3,1684,736,0,736,320,0,320,5451,709,6160
SSC10969,0,87,87,208,9,217,124,0,124,144,0,144,74,0,74,23,0,23,573,96,669
SSC10970,0,124,124,289,11,300,164,0,164,205,0,205,148,0,148,80,3,83,886,138,1024
SSC10971,0,14,14,31,3,34,14,0,14,17,0,17,3,0,3,3,0,3,68,17,85
SSC10972,0,59,59,100,8,108,53,0,53,37,0,37,24,0,24,15,0,15,229,67,296
SSC10973,0,31,31,46,3,49,26,3,29,9,0,9,10,0,10,9,0,9,100,37,137
SSC10974,0,43,43,50,4,54,14,0,14,24,0,24,9,0,9,4,0,4,101,47,148
SSC10975,0,222,222,361,23,384,164,4,168,179,3,182,73,0,73,35,0,35,812,252,1064
SSC10976,0,17,17,43,0,43,9,0,9,6,0,6,5,0,5,6,0,6,69,17,86
SSC10977,0,24,24,31,0,31,14,0,14,19,0,19,9,0,9,0,0,0,73,24,97
SSC10978,0,18,18,22,8,30,14,0,14,9,0,9,7,0,7,9,0,9,61,26,87
SSC10979,0,289,289,773,39,812,801,14,815,1343,11,1354,636,16,652,303,17,320,3856,386,4242
SSC10980,0,106,106,270,11,281,173,0,173,185,4,189,114,0,114,42,0,42,784,121,905
SSC10981,0,409,409,459,15,474,131,4,135,120,0,120,42,0,42,23,0,23,775,428,1203
SSC10982,0,18,18,30,0,30,9,0,9,11,0,11,3,0,3,5,0,5,58,18,76
SSC10983,0,14,14,37,3,40,9,3,12,21,0,21,15,0,15,7,0,7,89,20,109
SSC10984,0,13,13,23,0,23,6,0,6,9,0,9,5,0,5,3,0,3,46,13,59
SSC10985,0,22,22,30,0,30,11,0,11,9,0,9,0,0,0,0,0,0,50,22,72
SSC10986,0,100,100,215,10,225,90,3,93,85,0,85,47,0,47,23,0,23,460,113,573
SSC10987,0,27,27,37,0,37,10,0,10,8,0,8,6,0,6,3,0,3,64,27,91
SSC10988,0,0,0,0,0,0,0,0,0,0,0,0,0,0,0,0,0,0,0,0,0
SSC10989,0,13,13,37,3,40,13,0,13,6,0,6,7,0,7,3,0,3,66,16,82
SSC10990,0,29,29,35,3,38,15,0,15,11,0,11,8,0,8,11,0,11,80,32,112
SSC10991,0,28,28,103,3,106,63,0,63,81,0,81,43,0,43,16,0,16,306,31,337
SSC10992,0,29,29,38,0,38,17,0,17,11,0,11,6,0,6,6,0,6,78,29,107
SSC10993,0,15,15,30,0,30,9,0,9,12,0,12,9,0,9,6,0,6,66,15,81
SSC10994,0,43,43,45,0,45,14,0,14,10,0,10,7,0,7,7,0,7,83,43,126
SSC10995,0,1245,1245,1682,152,1834,638,55,693,617,14,631,277,6,283,139,0,139,3353,1472,4825
SSC10996,0,57,57,74,13,87,23,0,23,26,0,26,13,0,13,6,0,6,142,70,212
SSC10997,0,27,27,40,0,40,8,3,11,14,0,14,18,0,18,5,0,5,85,30,115
SSC10998,0,357,357,687,35,722,399,5,404,460,3,463,192,0,192,59,0,59,1797,400,2197
SSC10999,0,117,117,104,5,109,51,4,55,31,0,31,17,0,17,8,0,8,211,126,337
SSC11000,0,1049,1049,1003,98,1101,456,7,463,331,3,334,152,0,152,94,0,94,2036,1157,3193
SSC11001,0,733,733,545,120,665,140,14,154,68,4,72,21,0,21,0,0,0,774,871,1645
SSC11002,0,2541,2541,2568,178,2746,1172,18,1190,1000,4,1004,441,0,441,197,0,197,5378,2741,8119
SSC11003,0,36,36,66,0,66,27,0,27,29,0,29,15,0,15,4,0,4,141,36,177
SSC11004,0,1280,1280,1230,104,1334,544,16,560,457,9,466,208,0,208,103,0,103,2542,1409,3951
SSC11005,0,16,16,34,0,34,8,0,8,18,0,18,7,0,7,0,0,0,67,16,83
SSC11006,0,18,18,35,0,35,11,0,11,7,0,7,3,0,3,4,0,4,60,18,78
SSC11007,0,0,0,4,0,4,0,0,0,0,0,0,0,0,0,0,0,0,4,0,4
SSC11008,0,1044,1044,1028,132,1160,791,61,852,707,29,736,361,8,369,331,4,335,3218,1278,4496
SSC11009,0,153,153,161,3,164,44,0,44,95,0,95,53,0,53,19,0,19,372,156,528
SSC11010,0,40,40,51,5,56,20,0,20,17,0,17,7,0,7,7,0,7,102,45,147
SSC11011,0,32,32,42,3,45,15,0,15,17,0,17,11,0,11,4,0,4,89,35,124
SSC11012,0,24,24,37,3,40,15,0,15,13,0,13,6,0,6,4,0,4,75,27,102
SSC11013,0,77,77,266,9,275,153,3,156,233,0,233,103,0,103,34,0,34,789,89,878
SSC11014,0,34,34,52,5,57,8,0,8,14,0,14,3,0,3,3,0,3,80,39,119
SSC11015,0,20,20,45,0,45,18,0,18,10,0,10,8,0,8,4,0,4,85,20,105
SSC11016,0,633,633,823,29,852,353,4,357,395,0,395,157,0,157,62,0,62,1790,666,2456
SSC11017,0,49,49,84,6,90,36,0,36,33,0,33,13,0,13,3,0,3,169,55,224
SSC11018,0,317,317,535,34,569,605,4,609,892,0,892,519,0,519,398,0,398,2949,355,3304
SSC11019,0,1310,1310,1394,62,1456,1016,7,1023,1198,4,1202,913,0,913,837,4,841,5358,1387,6745
SSC11020,0,12,12,24,4,28,23,0,23,15,0,15,6,0,6,14,0,14,82,16,98
SSC11021,0,26,26,42,8,50,15,0,15,17,0,17,7,0,7,3,0,3,84,34,118
SSC11022,0,114,114,260,8,268,270,3,273,339,0,339,187,0,187,145,0,145,1201,125,1326
SSC11023,0,35,35,69,4,73,42,0,42,27,0,27,18,0,18,13,0,13,169,39,208
SSC11024,0,19,19,61,3,64,49,0,49,45,0,45,19,0,19,14,0,14,188,22,210
SSC11025,0,13,13,40,0,40,11,0,11,24,0,24,10,0,10,14,0,14,99,13,112
SSC11026,0,169,169,221,8,229,47,0,47,53,0,53,14,0,14,5,0,5,340,177,517
SSC11027,0,469,469,626,75,701,279,26,305,309,9,318,113,5,118,36,0,36,1363,584,1947
SSC11028,0,0,0,0,0,0,0,0,0,0,0,0,0,0,0,0,0,0,0,0,0
SSC11029,0,22,22,59,4,63,13,0,13,16,0,16,8,0,8,3,0,3,99,26,125
SSC11030,0,356,356,403,18,421,136,3,139,88,0,88,63,0,63,23,0,23,713,377,1090
SSC11031,0,28,28,46,0,46,22,0,22,12,0,12,6,0,6,3,0,3,89,28,117
SSC11032,0,169,169,239,20,259,133,3,136,154,0,154,76,0,76,45,0,45,647,192,839
SSC11033,0,992,992,2183,83,2266,1358,11,1369,1448,3,1451,657,3,660,354,0,354,6000,1092,7092
SSC11034,0,1594,1594,1830,141,1971,847,25,872,839,5,844,480,0,480,246,0,246,4242,1765,6007
SSC11035,0,42,42,61,5,66,18,0,18,19,0,19,11,0,11,4,0,4,113,47,160
SSC11036,0,30,30,110,3,113,58,0,58,65,0,65,46,0,46,22,0,22,301,33,334
SSC11037,0,18,18,49,0,49,30,0,30,42,0,42,26,0,26,14,0,14,161,18,179
SSC11038,0,1367,1367,1335,127,1462,961,26,987,935,12,947,603,0,603,684,4,688,4518,1536,6054
SSC11039,0,271,271,354,19,373,224,3,227,233,5,238,152,0,152,139,0,139,1102,298,1400
SSC11040,0,64,64,95,6,101,28,0,28,14,0,14,9,0,9,13,0,13,159,70,229
SSC11041,0,261,261,298,19,317,130,0,130,106,0,106,62,0,62,27,0,27,623,280,903
SSC11042,0,61,61,283,0,283,79,0,79,74,0,74,47,0,47,27,0,27,510,61,571
SSC11043,0,24,24,44,3,47,16,0,16,24,0,24,7,0,7,0,0,0,91,27,118
SSC11044,0,22,22,31,0,31,20,0,20,12,0,12,7,0,7,6,0,6,76,22,98
SSC11045,0,31,31,70,3,73,24,0,24,15,0,15,14,0,14,0,0,0,123,34,157
SSC11046,0,199,199,207,13,220,79,0,79,55,0,55,36,0,36,15,0,15,392,212,604
SSC11047,0,41,41,105,3,108,48,0,48,85,0,85,30,0,30,15,0,15,283,44,327
SSC11048,0,32,32,46,0,46,18,0,18,19,0,19,4,0,4,4,0,4,91,32,123
SSC11049,0,17,17,29,4,33,10,3,13,9,0,9,5,0,5,0,0,0,53,24,77
SSC11050,0,1031,1031,1123,86,1209,476,17,493,466,0,466,221,0,221,107,0,107,2393,1134,3527
SSC11051,0,61,61,56,7,63,34,0,34,20,0,20,11,0,11,3,0,3,124,68,192
SSC11052,0,28,28,40,0,40,13,0,13,11,0,11,5,0,5,3,0,3,72,28,100
SSC11053,0,206,206,242,19,261,86,0,86,77,0,77,46,0,46,32,0,32,483,225,708
SSC11054,0,54,54,37,0,37,13,3,16,11,0,11,9,0,9,11,0,11,81,57,138
SSC11055,0,267,267,388,31,419,186,3,189,182,0,182,73,0,73,24,0,24,853,301,1154
SSC11056,0,332,332,260,68,328,147,34,181,137,22,159,50,8,58,21,7,28,615,471,1086
SSC11057,0,791,791,936,79,1015,448,11,459,408,0,408,181,0,181,43,0,43,2016,881,2897
SSC11058,0,264,264,620,23,643,338,9,347,594,0,594,252,0,252,79,0,79,1883,296,2179
SSC11059,0,452,452,625,46,671,351,11,362,515,4,519,183,3,186,52,0,52,1726,516,2242
SSC11060,0,337,337,334,18,352,129,0,129,120,3,123,49,0,49,31,0,31,663,358,1021
SSC11061,0,26,26,34,4,38,15,3,18,13,0,13,6,0,6,0,0,0,68,33,101
SSC11062,0,17,17,48,0,48,16,0,16,27,0,27,9,0,9,3,0,3,103,17,120
SSC11063,0,29,29,82,5,87,33,0,33,28,0,28,9,0,9,11,0,11,163,34,197
SSC11064,0,635,635,518,89,607,230,54,284,143,15,158,56,4,60,18,0,18,965,797,1762
SSC11065,0,80,80,96,8,104,57,3,60,57,0,57,29,0,29,3,0,3,242,91,333
SSC11066,0,91,91,97,26,123,60,10,70,49,0,49,13,0,13,6,0,6,225,127,352
SSC11067,0,666,666,439,49,488,194,13,207,224,5,229,90,3,93,27,3,30,974,739,1713
SSC11068,0,17,17,48,3,51,21,0,21,27,0,27,6,0,6,8,0,8,110,20,130
SSC11069,0,242,242,473,23,496,286,0,286,343,0,343,177,0,177,78,0,78,1357,265,1622
SSC11070,0,229,229,293,22,315,179,0,179,204,0,204,78,0,78,34,0,34,788,251,1039
SSC11071,0,40,40,77,6,83,21,0,21,13,0,13,12,0,12,4,0,4,127,46,173
SSC11072,0,101,101,158,9,167,74,0,74,75,0,75,56,0,56,27,0,27,390,110,500
SSC11073,0,230,230,286,18,304,76,0,76,80,0,80,47,0,47,19,0,19,508,248,756
SSC11074,0,49,49,59,3,62,17,0,17,9,0,9,7,0,7,3,0,3,95,52,147
SSC11075,0,48,48,57,0,57,24,0,24,23,0,23,8,0,8,3,0,3,115,48,163
SSC11076,0,304,304,456,25,481,108,3,111,58,0,58,22,0,22,17,3,20,661,335,996
SSC11077,0,152,152,517,13,530,385,3,388,673,0,673,298,0,298,144,0,144,2017,168,2185
SSC11078,0,421,421,438,76,514,360,46,406,269,15,284,97,7,104,54,0,54,1218,565,1783
SSC11079,0,26,26,32,4,36,20,0,20,18,0,18,9,0,9,0,0,0,79,30,109
SSC11080,0,36,36,46,5,51,22,0,22,19,0,19,5,0,5,7,0,7,99,41,140
SSC11081,0,103,103,211,11,222,227,0,227,353,0,353,190,0,190,107,0,107,1088,114,1202
SSC11082,0,0,0,0,0,0,0,0,0,0,0,0,0,0,0,0,0,0,0,0,0
SSC11083,0,110,110,134,17,151,26,0,26,4,0,4,3,0,3,3,0,3,170,127,297
SSC11084,0,44,44,58,4,62,15,0,15,10,0,10,3,0,3,3,0,3,89,48,137
SSC11085,0,19,19,39,3,42,27,0,27,30,0,30,14,0,14,11,0,11,121,22,143
SSC11086,0,177,177,216,8,224,64,3,67,24,0,24,10,0,10,0,0,0,314,188,502
SSC11087,0,314,314,310,17,327,133,0,133,108,0,108,56,0,56,32,0,32,639,331,970
SSC11088,0,44,44,50,4,54,24,0,24,19,0,19,4,0,4,4,0,4,101,48,149
SSC11089,0,365,365,360,168,528,183,122,305,151,139,290,63,41,104,23,29,52,780,864,1644
SSC11090,0,9,9,66,0,66,43,0,43,56,0,56,26,0,26,6,0,6,197,9,206
SSC11091,0,408,408,472,46,518,292,0,292,304,0,304,120,0,120,40,0,40,1228,454,1682
SSC11092,0,403,403,548,23,571,335,5,340,450,0,450,176,0,176,78,0,78,1587,431,2018
SSC11093,0,108,108,81,7,88,22,0,22,10,0,10,9,0,9,3,0,3,125,115,240
SSC11094,0,247,247,385,34,419,309,0,309,319,4,323,174,0,174,175,0,175,1362,285,1647
SSC11095,0,166,166,186,15,201,152,3,155,148,0,148,93,0,93,99,0,99,678,184,862
SSC11096,0,59,59,185,8,193,103,0,103,148,0,148,44,0,44,21,0,21,501,67,568
SSC11097,0,292,292,496,19,515,361,3,364,485,3,488,207,0,207,57,0,57,1606,317,1923
SSC11098,0,32,32,40,4,44,22,3,25,22,0,22,17,0,17,12,0,12,113,39,152
SSC11099,0,148,148,145,7,152,50,0,50,36,0,36,27,0,27,23,0,23,281,155,436
SSC11100,0,18,18,28,0,28,18,0,18,10,0,10,8,0,8,8,0,8,72,18,90
SSC11101,0,55,55,53,5,58,18,0,18,16,0,16,6,0,6,3,3,6,96,63,159
SSC11102,0,16,16,36,3,39,10,0,10,13,0,13,8,0,8,4,0,4,71,19,90
SSC11103,0,14,14,43,4,47,18,0,18,16,0,16,12,0,12,3,0,3,92,18,110
SSC11104,0,24,24,26,3,29,11,0,11,9,0,9,3,0,3,0,0,0,49,27,76
SSC11105,0,26,26,36,3,39,8,0,8,17,0,17,3,0,3,4,0,4,68,29,97
SSC11106,0,21,21,51,7,58,22,0,22,29,0,29,18,0,18,8,0,8,128,28,156
SSC11107,0,82,82,121,13,134,51,3,54,73,0,73,29,0,29,10,0,10,284,98,382
SSC11108,0,47,47,69,3,72,22,3,25,25,0,25,6,0,6,3,0,3,125,53,178
SSC11109,0,141,141,253,17,270,130,4,134,159,0,159,77,0,77,46,0,46,665,162,827
SSC11110,0,30,30,36,0,36,12,0,12,13,0,13,10,0,10,5,0,5,76,30,106
SSC11111,0,34,34,69,6,75,37,0,37,48,0,48,20,0,20,9,0,9,183,40,223
SSC11112,0,458,458,490,81,571,373,29,402,307,7,314,101,3,104,37,0,37,1308,578,1886
SSC11113,0,175,175,192,15,207,69,3,72,67,0,67,24,0,24,16,0,16,368,193,561
SSC11114,0,15,15,46,0,46,15,0,15,14,0,14,4,0,4,4,0,4,83,15,98
SSC11115,0,363,363,816,35,851,372,3,375,390,0,390,165,3,168,59,0,59,1802,404,2206
SSC11116,0,216,216,520,25,545,563,3,566,823,3,826,426,3,429,296,0,296,2628,250,2878
SSC11117,0,17,17,29,0,29,15,0,15,22,0,22,9,0,9,6,0,6,81,17,98
SSC11118,0,210,210,293,28,321,183,6,189,167,0,167,73,0,73,49,0,49,765,244,1009
SSC11119,0,25,25,39,0,39,17,0,17,16,3,19,9,0,9,3,0,3,84,28,112
SSC11120,0,224,224,224,18,242,84,0,84,74,0,74,34,0,34,21,0,21,437,242,679
SSC11121,0,19,19,85,4,89,49,0,49,68,4,72,43,0,43,15,0,15,260,27,287
SSC11122,0,83,83,141,9,150,83,3,86,84,0,84,46,0,46,22,0,22,376,95,471
SSC11123,0,61,61,89,15,104,58,6,64,45,0,45,23,0,23,23,0,23,238,82,320
SSC11124,0,138,138,325,34,359,283,3,286,414,3,417,156,0,156,70,0,70,1248,178,1426
SSC11125,0,322,322,461,66,527,394,40,434,390,15,405,127,9,136,66,5,71,1438,457,1895
SSC11126,0,429,429,589,89,678,459,43,502,309,11,320,93,5,98,59,4,63,1509,581,2090
SSC11127,0,7,7,19,3,22,5,0,5,5,0,5,6,0,6,5,0,5,40,10,50
SSC11128,0,21,21,29,3,32,13,0,13,5,0,5,9,0,9,0,0,0,56,24,80
SSC11129,0,76,76,198,7,205,195,0,195,298,0,298,165,0,165,78,0,78,934,83,1017
SSC11130,0,1967,1967,2248,244,2492,1391,33,1424,1157,15,1172,381,4,385,166,0,166,5343,2263,7606
SSC11131,0,246,246,572,31,603,423,3,426,457,3,460,221,3,224,63,3,66,1736,289,2025
SSC11132,0,13,13,33,3,36,13,0,13,7,0,7,8,0,8,3,0,3,64,16,80
SSC11133,0,46,46,41,8,49,30,0,30,17,0,17,8,0,8,3,0,3,99,54,153
SSC11134,0,29,29,52,3,55,37,0,37,37,0,37,13,0,13,4,0,4,143,32,175
SSC11135,0,240,240,631,13,644,410,3,413,557,0,557,245,0,245,103,0,103,1946,256,2202
SSC11136,0,74,74,115,6,121,94,0,94,99,0,99,75,0,75,48,0,48,431,80,511
SSC11137,0,18,18,24,0,24,16,0,16,23,0,23,8,0,8,8,0,8,79,18,97
SSC11138,0,249,249,403,21,424,123,3,126,128,0,128,56,0,56,21,0,21,731,273,1004
SSC11139,0,97,97,235,15,250,255,3,258,319,0,319,150,0,150,109,0,109,1068,115,1183
SSC11140,0,3,3,0,0,0,3,0,3,0,0,0,0,0,0,0,0,0,3,3,6
SSC11141,0,714,714,794,42,836,412,5,417,538,3,541,260,3,263,95,0,95,2099,767,2866
SSC11142,0,115,115,229,22,251,150,7,157,197,0,197,91,0,91,32,0,32,699,144,843
SSC11143,0,24,24,40,0,40,11,0,11,19,0,19,13,0,13,3,0,3,86,24,110
SSC11144,0,77,77,138,8,146,48,3,51,38,0,38,3,0,3,3,0,3,230,88,318
SSC11145,0,13,13,15,3,18,12,0,12,7,0,7,3,0,3,0,0,0,37,16,53
SSC11146,0,35,35,38,9,47,13,0,13,15,0,15,7,0,7,0,0,0,73,44,117
SSC11147,0,419,419,507,51,558,322,9,331,306,0,306,103,0,103,47,0,47,1285,479,1764
SSC11148,0,1511,1511,2149,303,2452,1855,194,2049,1560,94,1654,618,32,650,413,19,432,6595,2153,8748
SSC11149,0,97,97,193,7,200,136,3,139,205,3,208,71,0,71,40,0,40,645,110,755
SSC11150,0,167,167,127,9,136,29,0,29,24,0,24,7,0,7,4,0,4,191,176,367
SSC11151,0,24,24,60,3,63,11,0,11,10,0,10,0,0,0,0,0,0,81,27,108
SSC11152,0,43,43,48,3,51,27,0,27,25,0,25,12,0,12,5,0,5,117,46,163
SSC11153,0,21,21,37,5,42,9,0,9,7,0,7,8,0,8,3,0,3,64,26,90
SSC11154,0,34,34,49,0,49,17,0,17,7,0,7,6,0,6,4,0,4,83,34,117
SSC11155,0,163,163,588,17,605,420,5,425,616,3,619,262,0,262,102,0,102,1988,188,2176
SSC11156,0,274,274,348,12,360,61,0,61,52,0,52,18,0,18,16,0,16,495,286,781
SSC11157,0,1097,1097,1285,108,1393,891,9,900,895,3,898,381,3,384,212,0,212,3664,1220,4884
SSC11158,0,78,78,93,8,101,38,0,38,78,0,78,42,3,45,25,0,25,276,89,365
SSC11159,0,1286,1286,1454,89,1543,614,14,628,514,0,514,264,3,267,139,0,139,2985,1392,4377
SSC11160,0,42,42,89,4,93,40,0,40,45,0,45,24,0,24,8,0,8,206,46,252
SSC11161,0,257,257,241,76,317,96,25,121,57,7,64,20,0,20,11,0,11,425,365,790
SSC11162,0,34,34,21,3,24,4,0,4,4,0,4,5,0,5,3,0,3,37,37,74
SSC11163,0,18,18,25,0,25,8,0,8,9,0,9,3,0,3,0,0,0,45,18,63
SSC11164,0,103,103,205,0,205,73,0,73,105,0,105,39,0,39,14,0,14,436,103,539
SSC11165,0,7,7,36,0,36,12,0,12,11,0,11,10,0,10,0,0,0,69,7,76
SSC11166,0,594,594,601,68,669,311,10,321,260,0,260,122,5,127,53,0,53,1347,677,2024
SSC11167,0,538,538,575,43,618,360,10,370,373,0,373,181,0,181,53,0,53,1542,591,2133
SSC11168,0,18,18,63,4,67,17,0,17,12,0,12,11,0,11,8,0,8,111,22,133
SSC11169,0,7,7,42,0,42,12,0,12,16,0,16,12,0,12,7,0,7,89,7,96
SSC11170,0,6,6,21,0,21,12,0,12,12,0,12,11,0,11,3,0,3,59,6,65
SSC11171,0,18,18,37,3,40,16,0,16,17,0,17,9,0,9,0,0,0,79,21,100
SSC11172,0,19,19,34,4,38,6,0,6,4,0,4,3,0,3,3,0,3,50,23,73
SSC11173,0,23,23,37,0,37,15,0,15,13,0,13,3,0,3,0,0,0,68,23,91
SSC11174,0,26,26,46,0,46,19,0,19,23,0,23,9,0,9,7,0,7,104,26,130
SSC11175,0,133,133,136,11,147,42,0,42,47,0,47,31,0,31,9,0,9,265,144,409
SSC11176,0,321,321,805,44,849,528,9,537,818,0,818,336,0,336,106,0,106,2593,374,2967
SSC11177,0,19,19,43,0,43,8,0,8,11,0,11,11,0,11,6,0,6,79,19,98
SSC11178,0,31,31,73,3,76,39,0,39,33,0,33,11,0,11,8,0,8,164,34,198
SSC11179,0,12,12,16,3,19,9,0,9,3,0,3,4,0,4,4,0,4,36,15,51
SSC11180,0,374,374,229,69,298,130,42,172,90,20,110,38,15,53,18,7,25,505,527,1032
SSC11181,0,170,170,385,15,400,174,0,174,194,0,194,64,0,64,53,0,53,870,185,1055
SSC11182,0,28,28,50,3,53,10,3,13,18,0,18,11,0,11,6,0,6,95,34,129
SSC11183,0,71,71,159,4,163,86,3,89,97,0,97,64,0,64,37,0,37,443,78,521
SSC11184,0,207,207,189,43,232,89,20,109,123,7,130,38,3,41,7,0,7,446,280,726
SSC11185,0,99,99,211,7,218,100,0,100,119,0,119,51,0,51,29,0,29,510,106,616
SSC11186,0,5,5,6,0,6,0,0,0,0,0,0,0,0,0,0,0,0,6,5,11
SSC11187,0,32,32,38,6,44,16,3,19,17,0,17,9,0,9,6,0,6,86,41,127
SSC11188,0,0,0,0,0,0,0,0,0,0,0,0,0,0,0,0,0,0,0,0,0
SSC11189,0,31,31,47,3,50,11,0,11,14,0,14,11,0,11,5,0,5,88,34,122
SSC11190,0,75,75,234,7,241,60,0,60,45,0,45,33,0,33,10,0,10,382,82,464
SSC11191,0,415,415,448,27,475,194,0,194,186,0,186,88,0,88,67,0,67,983,442,1425
SSC11192,0,250,250,282,18,300,115,0,115,118,0,118,43,0,43,16,0,16,574,268,842
SSC11193,0,20,20,51,4,55,17,0,17,12,0,12,6,0,6,4,0,4,90,24,114
SSC11194,0,28,28,40,6,46,14,0,14,23,3,26,13,0,13,4,0,4,94,37,131
SSC11195,0,43,43,91,6,97,35,0,35,45,0,45,12,0,12,6,0,6,189,49,238
SSC11196,0,14,14,30,0,30,5,3,8,9,0,9,4,0,4,0,0,0,48,17,65
SSC11197,0,446,446,692,29,721,264,5,269,276,0,276,113,0,113,58,0,58,1403,480,1883
SSC11198,0,208,208,173,17,190,67,0,67,53,0,53,22,0,22,14,0,14,329,225,554
SSC11199,0,38,38,53,0,53,10,0,10,7,0,7,13,0,13,5,0,5,88,38,126
SSC11200,0,17,17,34,3,37,8,0,8,11,0,11,4,0,4,11,0,11,68,20,88
SSC11201,0,18,18,61,0,61,28,0,28,39,0,39,27,0,27,7,0,7,162,18,180
SSC11202,0,86,86,127,3,130,38,0,38,35,0,35,17,0,17,8,0,8,225,89,314
SSC11203,0,36,36,44,0,44,6,0,6,14,0,14,10,0,10,6,0,6,80,36,116
SSC11204,0,24,24,50,0,50,11,0,11,10,0,10,7,0,7,5,0,5,83,24,107
SSC11205,0,10,10,53,5,58,20,0,20,22,0,22,13,0,13,0,0,0,108,15,123
SSC11206,0,345,345,400,35,435,201,3,204,192,0,192,93,0,93,54,0,54,940,383,1323
SSC11207,0,10,10,22,0,22,4,0,4,15,0,15,5,0,5,6,0,6,52,10,62
SSC11208,0,747,747,864,47,911,547,11,558,544,0,544,234,0,234,94,0,94,2283,805,3088
SSC11209,0,27,27,67,3,70,32,0,32,33,0,33,16,0,16,7,0,7,155,30,185
SSC11210,0,136,136,385,9,394,197,0,197,271,0,271,92,0,92,24,0,24,969,145,1114
SSC11211,0,296,296,513,35,548,372,4,376,507,0,507,215,0,215,92,0,92,1699,335,2034
SSC11212,0,178,178,204,12,216,65,0,65,43,0,43,26,0,26,17,0,17,355,190,545
SSC11213,0,1291,1291,940,152,1092,436,9,445,298,5,303,117,0,117,65,3,68,1856,1460,3316
SSC11214,0,116,116,174,15,189,155,0,155,231,0,231,87,0,87,55,0,55,702,131,833
SSC11215,0,38,38,79,3,82,48,0,48,36,0,36,20,0,20,14,0,14,197,41,238
SSC11216,0,24,24,45,0,45,14,0,14,16,0,16,11,0,11,4,0,4,90,24,114
SSC11217,0,29,29,48,3,51,21,0,21,24,0,24,8,0,8,8,0,8,109,32,141
SSC11218,0,299,299,355,49,404,138,44,182,161,42,203,67,32,99,23,14,37,744,480,1224
SSC11219,0,13,13,30,5,35,8,0,8,9,0,9,5,0,5,0,0,0,52,18,70
SSC11220,0,428,428,1283,56,1339,1082,11,1093,1818,0,1818,830,0,830,351,0,351,5364,495,5859
SSC11221,0,171,171,551,48,599,488,9,497,727,3,730,299,0,299,148,0,148,2213,231,2444
SSC11222,0,522,522,887,34,921,390,9,399,446,4,450,223,0,223,108,0,108,2054,569,2623
SSC11223,0,8,8,26,3,29,15,0,15,13,0,13,5,0,5,4,0,4,63,11,74
SSC11224,0,0,0,0,0,0,0,0,0,0,0,0,0,0,0,0,0,0,0,0,0
SSC11225,0,79,79,158,6,164,104,3,107,103,3,106,75,0,75,92,0,92,532,91,623
SSC11226,0,77,77,41,6,47,19,0,19,12,0,12,7,0,7,3,0,3,82,83,165
SSC11227,0,82,82,150,8,158,65,0,65,61,0,61,36,0,36,15,0,15,327,90,417
SSC11228,0,16,16,22,4,26,8,0,8,9,0,9,0,0,0,3,0,3,42,20,62
SSC11229,0,1070,1070,1102,363,1465,525,158,683,465,76,541,164,24,188,59,9,68,2315,1700,4015
SSC11230,0,173,173,417,14,431,260,0,260,339,0,339,167,0,167,119,0,119,1302,187,1489
SSC11231,0,45,45,61,4,65,40,0,40,23,0,23,19,0,19,19,0,19,162,49,211
SSC11232,0,36,36,52,0,52,22,0,22,15,0,15,7,0,7,0,0,0,96,36,132
SSC11233,0,29,29,46,0,46,24,0,24,22,0,22,13,0,13,5,0,5,110,29,139
SSC11234,0,41,41,90,6,96,37,3,40,31,0,31,25,0,25,4,0,4,187,50,237
SSC11235,0,74,74,75,3,78,16,0,16,15,0,15,9,0,9,6,0,6,121,77,198
SSC11236,0,36,36,59,0,59,11,0,11,7,0,7,0,0,0,0,0,0,77,36,113
SSC11237,0,732,732,1007,43,1050,319,6,325,299,0,299,148,0,148,29,0,29,1802,781,2583
SSC11238,0,238,238,589,21,610,296,5,301,320,0,320,162,0,162,36,0,36,1403,264,1667
SSC11239,0,55,55,129,0,129,49,0,49,51,0,51,23,0,23,13,0,13,265,55,320
SSC11240,0,85,85,162,3,165,36,3,39,23,0,23,15,0,15,3,0,3,239,91,330
SSC11241,0,20,20,49,3,52,11,0,11,21,0,21,11,0,11,0,0,0,92,23,115
SSC11242,0,70,70,193,13,206,89,0,89,79,0,79,37,0,37,10,0,10,408,83,491
SSC11243,0,20,20,37,0,37,8,0,8,11,0,11,10,0,10,3,0,3,69,20,89
SSC11244,0,621,621,865,33,898,471,7,478,701,4,705,301,0,301,98,6,104,2436,671,3107
SSC11245,0,155,155,403,9,412,231,0,231,391,0,391,164,4,168,51,0,51,1240,168,1408
SSC11246,0,614,614,833,70,903,391,3,394,382,5,387,170,0,170,87,0,87,1863,692,2555
SSC11247,0,16,16,32,0,32,9,0,9,16,0,16,10,0,10,0,0,0,67,16,83
SSC11248,0,55,55,58,5,63,21,0,21,20,0,20,10,0,10,5,0,5,114,60,174
SSC11249,0,56,56,107,8,115,51,3,54,48,0,48,6,0,6,3,0,3,215,67,282
SSC11250,0,17,17,44,9,53,36,0,36,59,0,59,36,0,36,5,0,5,180,26,206
SSC11251,0,14,14,24,0,24,8,0,8,4,0,4,0,0,0,0,0,0,36,14,50
SSC11252,0,30,30,45,5,50,23,0,23,7,0,7,3,0,3,9,0,9,87,35,122
SSC11253,0,826,826,804,43,847,345,7,352,392,0,392,179,0,179,72,0,72,1792,876,2668
SSC11254,0,213,213,136,4,140,15,0,15,14,0,14,10,0,10,3,0,3,178,217,395
SSC11255,0,21,21,41,4,45,11,0,11,17,0,17,12,0,12,3,0,3,84,25,109
SSC11256,0,31,31,197,6,203,65,0,65,83,0,83,47,0,47,10,0,10,402,37,439
SSC11257,0,374,374,864,30,894,597,7,604,731,5,736,283,0,283,117,0,117,2592,416,3008
SSC11258,0,202,202,353,20,373,241,0,241,235,0,235,83,0,83,41,0,41,953,222,1175
SSC11259,0,44,44,84,4,88,29,0,29,33,0,33,11,0,11,5,0,5,162,48,210
SSC11260,0,745,745,920,84,1004,328,9,337,283,0,283,137,0,137,42,0,42,1710,838,2548
SSC11261,0,1160,1160,1205,370,1575,787,243,1030,742,144,886,262,59,321,84,29,113,3080,2005,5085
SSC11262,0,689,689,1136,52,1188,761,3,764,774,7,781,338,3,341,155,3,158,3164,757,3921
SSC11263,0,17,17,41,3,44,12,0,12,9,0,9,3,0,3,3,0,3,68,20,88
SSC11264,0,1018,1018,944,122,1066,547,22,569,430,3,433,209,3,212,118,0,118,2248,1168,3416
SSC11265,0,53,53,151,3,154,52,3,55,73,0,73,43,0,43,9,0,9,328,59,387
SSC11266,0,31,31,54,0,54,6,0,6,3,0,3,3,0,3,0,0,0,66,31,97
SSC11267,0,0,0,0,0,0,0,0,0,0,0,0,0,0,0,0,0,0,0,0,0
SSC11268,0,7,7,50,0,50,26,0,26,58,0,58,27,0,27,18,0,18,179,7,186
SSC11269,0,886,886,988,63,1051,511,14,525,608,4,612,230,0,230,78,0,78,2415,967,3382
SSC11270,0,872,872,632,104,736,110,27,137,76,5,81,15,0,15,5,0,5,838,1008,1846
SSC11271,0,32,32,54,3,57,31,0,31,31,0,31,14,0,14,13,0,13,143,35,178
SSC11272,0,11,11,21,0,21,7,0,7,12,0,12,5,0,5,5,0,5,50,11,61
SSC11273,0,1114,1114,1250,158,1408,935,52,987,706,35,741,247,13,260,121,5,126,3259,1377,4636
SSC11274,0,88,88,175,11,186,121,3,124,141,0,141,77,0,77,37,0,37,551,102,653
SSC11275,0,80,80,112,8,120,40,0,40,41,0,41,17,0,17,10,0,10,220,88,308
SSC11276,0,246,246,406,19,425,239,0,239,194,0,194,108,0,108,53,0,53,1000,265,1265
SSC11277,0,20,20,41,4,45,24,0,24,8,0,8,3,0,3,4,0,4,80,24,104
SSC11278,0,0,0,6,0,6,0,0,0,0,0,0,0,0,0,0,0,0,6,0,6
SSC11279,0,16,16,28,3,31,14,0,14,5,0,5,7,0,7,3,0,3,57,19,76
SSC11280,0,52,52,34,7,41,9,0,9,18,0,18,0,0,0,0,0,0,61,59,120
SSC11281,0,818,818,975,86,1061,428,17,445,334,6,340,167,0,167,78,0,78,1982,927,2909
SSC11282,0,192,192,253,13,266,124,0,124,114,0,114,53,0,53,24,0,24,568,205,773
SSC11283,0,15,15,40,0,40,13,0,13,19,0,19,3,0,3,4,0,4,79,15,94
SSC11284,0,126,126,310,19,329,119,7,126,113,3,116,68,0,68,21,0,21,631,155,786
SSC11285,0,47,47,26,3,29,15,0,15,14,0,14,0,0,0,0,0,0,55,50,105
SSC11286,0,320,320,518,32,550,228,10,238,263,0,263,86,0,86,32,0,32,1127,362,1489
SSC11287,0,76,76,154,10,164,72,3,75,81,0,81,26,0,26,10,0,10,343,89,432
SSC11288,0,38,38,63,0,63,16,0,16,21,0,21,8,0,8,5,0,5,113,38,151
SSC11289,0,0,0,0,0,0,0,0,0,0,0,0,0,0,0,0,0,0,0,0,0
SSC11290,0,29,29,64,4,68,23,0,23,36,0,36,20,0,20,13,0,13,156,33,189
SSC11291,0,35,35,72,3,75,28,0,28,19,0,19,24,0,24,8,0,8,151,38,189
SSC11292,0,12,12,36,3,39,18,0,18,20,0,20,6,0,6,5,0,5,85,15,100
SSC11293,0,51,51,104,3,107,37,0,37,54,0,54,22,0,22,16,0,16,233,54,287
SSC11294,0,132,132,179,8,187,138,0,138,178,0,178,66,0,66,34,0,34,595,140,735
SSC11295,0,211,211,263,33,296,72,10,82,41,0,41,14,0,14,6,0,6,396,254,650
SSC11296,0,145,145,332,12,344,151,0,151,190,0,190,102,0,102,52,0,52,827,157,984
SSC11297,0,79,79,132,0,132,71,0,71,79,0,79,40,0,40,9,0,9,331,79,410
SSC11298,0,32,32,72,0,72,24,0,24,38,0,38,21,0,21,20,0,20,175,32,207
SSC11299,0,633,633,713,66,779,329,0,329,317,0,317,125,0,125,71,0,71,1555,699,2254
SSC11300,0,52,52,101,3,104,42,0,42,49,0,49,18,0,18,14,0,14,224,55,279
SSC11301,0,32,32,69,4,73,47,0,47,50,0,50,38,0,38,17,0,17,221,36,257
SSC11302,0,340,340,344,24,368,133,0,133,102,3,105,59,0,59,28,0,28,666,367,1033
SSC11303,0,32,32,42,4,46,20,0,20,23,0,23,18,0,18,4,0,4,107,36,143
SSC11304,0,11,11,15,0,15,4,0,4,7,0,7,5,0,5,0,0,0,31,11,42
SSC11305,0,42,42,71,5,76,29,0,29,31,0,31,14,0,14,4,0,4,149,47,196
SSC11306,0,13,13,36,0,36,11,0,11,6,0,6,3,0,3,3,0,3,59,13,72
SSC11307,0,21,21,46,0,46,19,0,19,16,0,16,10,0,10,5,0,5,96,21,117
SSC11308,0,8,8,12,3,15,3,0,3,6,0,6,0,0,0,4,0,4,25,11,36
SSC11309,0,75,75,95,5,100,29,0,29,15,0,15,10,0,10,4,0,4,153,80,233
SSC11310,0,337,337,746,28,774,290,7,297,346,3,349,182,0,182,74,0,74,1638,375,2013
SSC11311,0,161,161,188,6,194,60,0,60,65,0,65,43,0,43,14,0,14,370,167,537
SSC11312,0,262,262,427,22,449,157,0,157,164,0,164,80,0,80,31,0,31,859,284,1143
SSC11313,0,32,32,88,7,95,21,0,21,12,0,12,9,0,9,3,0,3,133,39,172
SSC11314,0,484,484,474,27,501,171,3,174,134,0,134,77,0,77,35,0,35,891,514,1405
SSC11315,0,308,308,392,33,425,215,4,219,171,0,171,71,0,71,36,0,36,885,345,1230
SSC11316,0,523,523,412,41,453,184,3,187,127,0,127,64,0,64,30,0,30,817,567,1384
SSC11317,0,19,19,51,3,54,37,0,37,27,0,27,21,0,21,11,0,11,147,22,169
SSC11318,0,497,497,731,30,761,254,0,254,238,4,242,117,0,117,45,0,45,1385,531,1916
SSC11319,0,66,66,85,3,88,37,0,37,27,3,30,15,0,15,3,0,3,167,72,239
SSC11320,0,32,32,78,3,81,47,0,47,71,0,71,30,0,30,18,0,18,244,35,279
SSC11321,0,61,61,143,0,143,79,3,82,121,0,121,59,0,59,16,0,16,418,64,482
SSC11322,0,924,924,1009,148,1157,948,47,995,878,25,903,454,11,465,339,4,343,3628,1159,4787
SSC11323,0,15,15,37,0,37,26,0,26,13,0,13,13,0,13,14,0,14,103,15,118
SSC11324,0,125,125,254,13,267,59,0,59,48,0,48,34,0,34,7,0,7,402,138,540
SSC11325,0,18,18,35,0,35,7,0,7,14,0,14,12,0,12,4,0,4,72,18,90
SSC11326,0,756,756,721,55,776,410,6,416,388,0,388,184,0,184,103,0,103,1806,817,2623
SSC11327,0,15,15,52,3,55,20,0,20,36,0,36,13,0,13,5,0,5,126,18,144
SSC11328,0,589,589,585,63,648,321,17,338,287,9,296,112,3,115,27,0,27,1332,681,2013
SSC11329,0,1156,1156,1099,138,1237,546,27,573,555,0,555,219,3,222,54,0,54,2473,1324,3797
SSC11330,0,1109,1109,1134,222,1356,564,57,621,530,11,541,145,0,145,45,0,45,2418,1399,3817
SSC11331,0,155,155,178,13,191,129,0,129,183,3,186,86,0,86,14,0,14,590,171,761
SSC11332,0,37,37,45,11,56,25,3,28,14,0,14,9,0,9,8,0,8,101,51,152
SSC11333,0,0,0,0,0,0,0,0,0,3,0,3,0,0,0,0,0,0,3,0,3
SSC11334,0,54,54,86,6,92,32,0,32,29,0,29,13,0,13,11,0,11,171,60,231
SSC11335,0,0,0,0,0,0,0,0,0,0,0,0,0,0,0,0,0,0,0,0,0
SSC11336,0,129,129,187,18,205,136,8,144,134,0,134,78,0,78,64,4,68,599,159,758
SSC11337,0,51,51,119,5,124,67,0,67,59,0,59,25,0,25,8,0,8,278,56,334
SSC11338,0,66,66,145,3,148,70,0,70,103,0,103,40,0,40,16,0,16,374,69,443
SSC11339,0,59,59,50,3,53,19,0,19,16,0,16,4,0,4,3,0,3,92,62,154
SSC11340,0,3,3,15,3,18,11,0,11,8,0,8,0,0,0,0,0,0,34,6,40
SSC11341,0,425,425,372,24,396,67,4,71,40,0,40,19,0,19,9,0,9,507,453,960
SSC11342,0,181,181,131,19,150,35,12,47,18,0,18,8,0,8,4,0,4,196,212,408
SSC11343,0,1772,1772,1601,189,1790,646,16,662,514,8,522,240,0,240,98,0,98,3099,1985,5084
SSC11344,0,103,103,199,8,207,55,0,55,40,0,40,19,0,19,8,0,8,321,111,432
SSC11345,0,312,312,310,31,341,167,3,170,165,0,165,60,0,60,40,0,40,742,346,1088
SSC11346,0,21,21,27,3,30,8,0,8,8,0,8,4,0,4,3,0,3,50,24,74
SSC11347,0,14,14,26,0,26,17,0,17,6,0,6,9,0,9,4,0,4,62,14,76
SSC11348,0,803,803,936,60,996,455,9,464,393,0,393,207,0,207,106,0,106,2097,872,2969
SSC11349,0,35,35,27,5,32,11,0,11,7,0,7,13,0,13,8,0,8,66,40,106
SSC11350,0,37,37,58,0,58,17,0,17,21,0,21,5,0,5,6,0,6,107,37,144
SSC11351,0,1507,1507,1675,302,1977,887,134,1021,674,42,716,168,10,178,41,4,45,3445,1999,5444
SSC11352,0,281,281,420,34,454,141,4,145,110,0,110,48,0,48,18,0,18,737,319,1056
SSC11353,0,419,419,768,76,844,352,23,375,383,6,389,142,0,142,52,4,56,1697,528,2225
SSC11354,0,95,95,306,11,317,134,6,140,168,0,168,74,0,74,29,0,29,711,112,823
SSC11355,0,178,178,189,16,205,107,0,107,115,0,115,84,0,84,58,0,58,553,194,747
SSC11356,0,364,364,390,38,428,260,3,263,201,0,201,124,0,124,137,0,137,1112,405,1517
SSC11357,0,812,812,1036,77,1113,612,9,621,496,4,500,217,0,217,153,0,153,2514,902,3416
SSC11358,0,578,578,569,57,626,160,6,166,155,5,160,61,0,61,37,0,37,982,646,1628
SSC11359,0,29,29,63,3,66,19,0,19,19,0,19,13,0,13,9,0,9,123,32,155
SSC11360,0,327,327,331,54,385,146,18,164,152,17,169,37,0,37,13,0,13,679,416,1095
SSC11361,0,18,18,32,0,32,14,0,14,9,0,9,5,0,5,4,0,4,64,18,82
SSC11362,0,105,105,186,22,208,184,7,191,140,8,148,44,0,44,9,0,9,563,142,705
SSC11363,0,782,782,1179,149,1328,1027,63,1090,1040,33,1073,479,13,492,354,10,364,4079,1050,5129
SSC11364,0,36,36,53,0,53,24,0,24,32,0,32,13,0,13,8,0,8,130,36,166
SSC11365,0,492,492,304,45,349,96,3,99,69,3,72,51,0,51,25,0,25,545,543,1088
SSC11366,0,47,47,115,4,119,32,0,32,21,0,21,11,0,11,5,0,5,184,51,235
SSC11367,0,38,38,131,3,134,56,0,56,98,0,98,60,0,60,13,0,13,358,41,399
SSC11368,0,37,37,22,5,27,4,3,7,15,0,15,0,0,0,3,0,3,44,45,89
SSC11369,0,830,830,777,107,884,461,39,500,438,10,448,121,5,126,41,0,41,1838,991,2829
SSC11370,0,0,0,4,0,4,3,0,3,3,0,3,3,0,3,3,0,3,16,0,16
SSC11371,0,15,15,42,0,42,16,0,16,6,0,6,5,0,5,6,0,6,75,15,90
SSC11372,0,15,15,38,3,41,20,0,20,10,0,10,4,0,4,13,0,13,85,18,103
SSC11373,0,21,21,41,5,46,8,3,11,9,0,9,0,0,0,3,0,3,61,29,90
SSC11374,0,38,38,72,5,77,39,0,39,36,0,36,17,0,17,9,0,9,173,43,216
SSC11375,0,20,20,54,3,57,9,0,9,22,0,22,8,0,8,3,0,3,96,23,119
SSC11376,0,568,568,740,42,782,464,13,477,678,4,682,299,0,299,87,0,87,2268,627,2895
SSC11377,0,24,24,30,3,33,10,0,10,14,0,14,10,0,10,3,0,3,67,27,94
SSC11378,0,18,18,35,0,35,13,0,13,32,0,32,19,0,19,0,0,0,99,18,117
SSC11379,0,234,234,425,15,440,280,3,283,369,0,369,180,0,180,84,0,84,1338,252,1590
SSC11380,0,567,567,346,81,427,183,20,203,145,7,152,59,0,59,35,0,35,768,675,1443
SSC11381,0,305,305,314,43,357,117,5,122,93,3,96,43,0,43,22,0,22,589,356,945
SSC11382,0,36,36,63,7,70,18,0,18,10,0,10,6,0,6,3,0,3,100,43,143
SSC11383,0,909,909,753,57,810,305,0,305,247,0,247,93,0,93,37,0,37,1435,966,2401
SSC11384,0,306,306,264,15,279,155,3,158,201,0,201,77,0,77,20,0,20,717,324,1041
SSC11385,0,27,27,51,4,55,18,0,18,19,0,19,13,0,13,7,0,7,108,31,139
SSC11386,0,26,26,47,0,47,11,0,11,20,0,20,10,0,10,3,0,3,91,26,117
SSC11387,0,44,44,69,3,72,23,0,23,44,0,44,11,0,11,3,0,3,150,47,197
SSC11388,0,16,16,24,3,27,15,0,15,12,0,12,4,0,4,3,0,3,58,19,77
SSC11389,0,91,91,133,0,133,45,0,45,45,0,45,21,0,21,4,0,4,248,91,339
SSC11390,0,1916,1916,1906,205,2111,1441,18,1459,1319,10,1329,589,3,592,445,3,448,5700,2155,7855
SSC11391,0,71,71,176,5,181,99,4,103,116,0,116,61,0,61,20,0,20,472,80,552
SSC11392,0,51,51,89,5,94,76,0,76,99,0,99,54,0,54,52,0,52,370,56,426
SSC11393,0,31,31,64,0,64,21,0,21,36,0,36,22,0,22,5,0,5,148,31,179
SSC11394,0,16,16,38,3,41,27,0,27,11,0,11,8,0,8,6,0,6,90,19,109
SSC11395,0,55,55,111,7,118,52,0,52,59,0,59,21,0,21,11,0,11,254,62,316
SSC11396,0,152,152,176,9,185,63,0,63,47,0,47,32,0,32,24,0,24,342,161,503
SSC11397,0,233,233,403,11,414,213,3,216,301,3,304,138,0,138,50,0,50,1105,250,1355
SSC11398,0,92,92,36,4,40,12,0,12,0,0,0,4,0,4,0,0,0,52,96,148
SSC11399,0,18,18,64,4,68,20,0,20,17,0,17,4,0,4,4,0,4,109,22,131
SSC11400,0,16,16,20,0,20,3,0,3,11,0,11,7,0,7,3,0,3,44,16,60
SSC11401,0,155,155,258,18,276,194,3,197,206,0,206,148,0,148,118,0,118,924,176,1100
SSC11402,0,93,93,214,8,222,57,0,57,57,0,57,32,0,32,21,0,21,381,101,482
SSC11403,0,36,36,41,3,44,28,0,28,28,0,28,5,0,5,3,0,3,105,39,144
SSC11404,0,928,928,776,92,868,305,8,313,248,3,251,102,0,102,53,0,53,1484,1031,2515
SSC11405,0,8,8,24,0,24,9,0,9,8,0,8,9,0,9,7,0,7,57,8,65
SSC11406,0,64,64,192,3,195,96,0,96,154,0,154,102,0,102,26,0,26,570,67,637
SSC11407,0,26,26,63,0,63,30,0,30,28,0,28,17,0,17,3,0,3,141,26,167
SSC11408,0,42,42,45,3,48,19,0,19,22,0,22,3,0,3,0,0,0,89,45,134
SSC11409,0,117,117,175,6,181,79,3,82,68,0,68,36,0,36,8,0,8,366,126,492
SSC11410,0,18,18,50,3,53,17,0,17,15,0,15,5,0,5,0,0,0,87,21,108
SSC11411,0,8,8,43,3,46,34,0,34,57,0,57,27,0,27,12,0,12,173,11,184
SSC11412,0,19,19,35,4,39,19,0,19,19,0,19,8,0,8,4,0,4,85,23,108
SSC11413,0,51,51,32,6,38,17,0,17,12,0,12,9,0,9,0,0,0,70,57,127
SSC11414,0,15,15,40,0,40,19,0,19,31,0,31,10,0,10,7,0,7,107,15,122
SSC11415,0,25,25,40,4,44,13,0,13,8,0,8,3,0,3,3,0,3,67,29,96
SSC11416,0,16,16,22,0,22,4,0,4,7,0,7,3,0,3,0,0,0,36,16,52
SSC11417,0,34,34,30,3,33,9,3,12,7,0,7,4,0,4,4,0,4,54,40,94
SSC11418,0,19,19,32,5,37,13,0,13,11,0,11,7,0,7,3,0,3,66,24,90
SSC11419,0,28,28,57,0,57,27,0,27,29,0,29,19,0,19,13,0,13,145,28,173
SSC11420,0,20,20,32,4,36,11,0,11,15,0,15,10,0,10,8,0,8,76,24,100
SSC11421,0,0,0,0,0,0,0,0,0,0,0,0,0,0,0,0,0,0,0,0,0
SSC11422,0,16,16,42,0,42,19,0,19,6,0,6,19,0,19,6,0,6,92,16,108
SSC11423,0,60,60,133,9,142,57,0,57,84,0,84,56,0,56,42,0,42,372,69,441
SSC11424,0,32,32,76,0,76,15,0,15,21,0,21,18,0,18,6,0,6,136,32,168
SSC11425,0,244,244,608,15,623,312,4,316,424,0,424,193,0,193,61,0,61,1598,263,1861
SSC11426,0,561,561,677,44,721,458,3,461,473,3,476,282,0,282,248,0,248,2138,611,2749
SSC11427,0,13,13,38,0,38,12,0,12,17,0,17,8,0,8,4,0,4,79,13,92
SSC11428,0,36,36,38,0,38,19,0,19,6,0,6,8,0,8,0,0,0,71,36,107
SSC11429,0,35,35,39,3,42,10,0,10,6,0,6,0,0,0,4,0,4,59,38,97
SSC11430,0,14,14,30,3,33,8,0,8,9,0,9,4,0,4,4,0,4,55,17,72
SSC11431,0,313,313,335,33,368,116,0,116,102,0,102,52,0,52,26,0,26,631,346,977
SSC11432,0,354,354,369,25,394,127,0,127,99,0,99,43,0,43,24,0,24,662,379,1041
SSC11433,0,74,74,147,7,154,52,4,56,78,0,78,33,0,33,13,0,13,323,85,408
SSC11434,0,949,949,1107,87,1194,791,5,796,797,3,800,375,0,375,287,0,287,3357,1044,4401
SSC11435,0,131,131,316,14,330,207,4,211,238,0,238,79,0,79,22,0,22,862,149,1011
SSC11436,0,23,23,70,3,73,72,0,72,91,0,91,44,0,44,18,0,18,295,26,321
SSC11437,0,943,943,679,168,847,285,66,351,177,24,201,30,6,36,8,4,12,1179,1211,2390
SSC11438,0,3,3,0,0,0,0,0,0,0,0,0,0,0,0,0,0,0,0,3,3
SSC11439,0,6,6,14,0,14,4,0,4,0,0,0,5,0,5,0,0,0,23,6,29
SSC11440,0,48,48,56,6,62,34,0,34,39,0,39,14,0,14,3,0,3,146,54,200
SSC11441,0,51,51,69,8,77,29,0,29,30,0,30,13,0,13,6,0,6,147,59,206
SSC11442,0,8,8,20,0,20,7,0,7,7,0,7,6,0,6,3,0,3,43,8,51
SSC11443,0,254,254,194,29,223,99,3,102,68,0,68,25,0,25,16,0,16,402,286,688
SSC11444,0,25,25,33,3,36,16,0,16,4,0,4,3,0,3,3,0,3,59,28,87
SSC11445,0,376,376,318,19,337,177,0,177,208,3,211,97,4,101,49,0,49,849,402,1251
SSC11446,0,83,83,121,4,125,49,0,49,41,0,41,28,0,28,5,0,5,244,87,331
SSC11447,0,20,20,34,0,34,8,0,8,4,0,4,3,0,3,5,0,5,54,20,74
SSC11448,0,45,45,26,0,26,9,0,9,16,0,16,10,0,10,3,0,3,64,45,109
SSC11449,0,31,31,60,3,63,14,0,14,12,0,12,15,0,15,3,0,3,104,34,138
SSC11450,0,145,145,310,12,322,98,0,98,77,0,77,34,0,34,17,0,17,536,157,693
SSC11451,0,22,22,36,3,39,21,3,24,18,0,18,15,0,15,5,0,5,95,28,123
SSC11452,0,52,52,67,4,71,22,0,22,32,0,32,9,0,9,4,0,4,134,56,190
SSC11453,0,328,328,291,23,314,152,8,160,178,3,181,73,3,76,19,0,19,713,365,1078
SSC11454,0,22,22,61,0,61,25,0,25,30,0,30,20,0,20,7,0,7,143,22,165
SSC11455,0,42,42,74,4,78,29,0,29,44,0,44,28,0,28,9,0,9,184,46,230
SSC11456,0,89,89,97,0,97,33,0,33,29,0,29,23,0,23,12,0,12,194,89,283
SSC11457,0,299,299,352,21,373,128,3,131,121,0,121,58,0,58,19,0,19,678,323,1001
SSC11458,0,2051,2051,2144,410,2554,749,159,908,542,36,578,183,10,193,38,3,41,3656,2669,6325
SSC11459,0,651,651,664,101,765,344,13,357,344,7,351,101,4,105,41,0,41,1494,776,2270
SSC11460,0,202,202,317,15,332,141,0,141,127,0,127,53,0,53,35,0,35,673,217,890
SSC11461,0,38,38,39,4,43,4,0,4,4,0,4,0,0,0,5,0,5,52,42,94
SSC11462,0,42,42,65,5,70,21,0,21,15,0,15,7,0,7,0,0,0,108,47,155
SSC11463,0,38,38,99,6,105,58,0,58,78,0,78,42,3,45,23,0,23,300,47,347
SSC11464,0,556,556,653,41,694,402,6,408,465,3,468,190,3,193,139,0,139,1849,609,2458
SSC11465,0,17,17,34,3,37,11,0,11,26,0,26,10,0,10,3,0,3,84,20,104
SSC11466,0,174,174,351,21,372,203,4,207,216,0,216,98,0,98,46,0,46,914,199,1113
SSC11467,0,269,269,263,21,284,81,4,85,88,0,88,33,0,33,8,0,8,473,294,767
SSC11468,0,22,22,42,4,46,12,0,12,21,0,21,5,0,5,0,0,0,80,26,106
SSC11469,0,28,28,45,0,45,16,0,16,21,0,21,6,0,6,6,0,6,94,28,122
SSC11470,0,79,79,90,7,97,40,0,40,48,0,48,18,0,18,7,0,7,203,86,289
SSC11471,0,9,9,37,4,41,22,0,22,18,0,18,5,0,5,4,0,4,86,13,99
SSC11472,0,2947,2947,3064,520,3584,1758,173,1931,1611,66,1677,606,21,627,241,15,256,7280,3742,11022
SSC11473,0,26,26,65,0,65,23,0,23,33,0,33,23,0,23,4,0,4,148,26,174
SSC11474,0,6,6,16,0,16,13,0,13,9,0,9,10,0,10,0,0,0,48,6,54
SSC11475,0,2479,2479,2588,554,3142,1419,162,1581,1187,71,1258,418,23,441,289,4,293,5901,3293,9194
SSC11476,0,145,145,108,7,115,57,0,57,54,0,54,25,0,25,17,0,17,261,152,413
SSC11477,0,1265,1265,1282,195,1477,770,115,885,596,95,691,187,56,243,104,26,130,2939,1752,4691
SSC11478,0,24,24,46,0,46,16,0,16,26,0,26,11,0,11,4,0,4,103,24,127
SSC11479,0,20,20,34,0,34,12,0,12,15,0,15,6,0,6,8,0,8,75,20,95
SSC11480,0,49,49,52,9,61,19,0,19,21,0,21,16,0,16,3,0,3,111,58,169
SSC11481,0,30,30,40,4,44,14,0,14,26,0,26,8,0,8,4,0,4,92,34,126
SSC11482,0,25,25,50,0,50,18,0,18,18,0,18,13,0,13,4,0,4,103,25,128
SSC11483,0,115,115,198,13,211,64,0,64,61,0,61,33,0,33,21,0,21,377,128,505
SSC11484,0,414,414,742,35,777,511,4,515,598,0,598,238,3,241,80,0,80,2169,456,2625
SSC11485,0,16,16,27,0,27,13,0,13,12,0,12,5,0,5,3,0,3,60,16,76
SSC11486,0,155,155,213,45,258,88,10,98,62,3,65,17,0,17,3,0,3,383,213,596
SSC11487,0,785,785,1074,182,1256,654,41,695,577,16,593,219,3,222,121,0,121,2645,1027,3672
SSC11488,0,33,33,84,3,87,47,0,47,80,0,80,28,0,28,19,0,19,258,36,294
SSC11489,0,148,148,193,8,201,66,0,66,37,0,37,21,0,21,7,0,7,324,156,480
SSC11490,0,28,28,34,5,39,10,0,10,12,0,12,9,0,9,11,0,11,76,33,109
SSC11491,0,706,706,770,55,825,540,14,554,623,6,629,275,0,275,117,0,117,2325,781,3106
SSC11492,0,1269,1269,1096,225,1321,507,51,558,348,18,366,139,4,143,70,0,70,2160,1567,3727
SSC11493,0,222,222,216,37,253,97,8,105,68,4,72,27,3,30,7,0,7,415,274,689
SSC11494,0,226,226,192,30,222,111,12,123,83,0,83,20,3,23,18,0,18,424,271,695
SSC11495,0,45,45,55,8,63,43,0,43,47,0,47,25,0,25,10,0,10,180,53,233
SSC11496,0,28,28,54,0,54,24,0,24,36,0,36,8,0,8,5,0,5,127,28,155
SSC11497,0,134,134,214,20,234,158,0,158,185,0,185,77,0,77,33,0,33,667,154,821
SSC11498,0,30,30,33,3,36,18,0,18,8,0,8,4,0,4,0,0,0,63,33,96
SSC11499,0,26,26,76,4,80,32,0,32,39,0,39,16,0,16,7,0,7,170,30,200
SSC11500,0,455,455,420,50,470,100,15,115,57,0,57,13,0,13,5,0,5,595,520,1115
SSC11501,0,25,25,40,4,44,18,0,18,17,0,17,9,0,9,4,0,4,88,29,117
SSC11502,0,607,607,580,87,667,245,20,265,104,14,118,32,0,32,5,0,5,966,728,1694
SSC11503,0,59,59,75,11,86,27,0,27,27,0,27,8,0,8,3,0,3,140,70,210
SSC11504,0,367,367,949,31,980,510,5,515,640,0,640,257,0,257,118,0,118,2474,403,2877
SSC11505,0,26,26,60,0,60,31,0,31,15,0,15,10,0,10,4,0,4,120,26,146
SSC11506,0,21,21,50,3,53,18,0,18,29,0,29,10,0,10,0,0,0,107,24,131
SSC11507,0,31,31,30,0,30,12,0,12,10,0,10,3,0,3,0,0,0,55,31,86
SSC11508,0,85,85,125,8,133,81,3,84,133,0,133,45,0,45,12,0,12,396,96,492
SSC11509,0,33,33,70,3,73,18,0,18,23,0,23,20,0,20,11,0,11,142,36,178
SSC11510,0,22,22,70,3,73,16,0,16,19,0,19,13,0,13,5,0,5,123,25,148
SSC11511,0,393,393,826,43,869,660,0,660,902,3,905,374,0,374,114,0,114,2876,439,3315
SSC11512,0,47,47,101,8,109,29,0,29,55,0,55,34,0,34,12,0,12,231,55,286
SSC11513,0,11,11,28,0,28,11,0,11,13,0,13,4,0,4,7,0,7,63,11,74
SSC11514,0,62,62,75,5,80,20,0,20,18,0,18,7,0,7,7,0,7,127,67,194
SSC11515,0,67,67,70,5,75,22,0,22,10,0,10,4,0,4,9,0,9,115,72,187
SSC11516,0,33,33,47,0,47,10,3,13,23,0,23,16,0,16,6,0,6,102,36,138
SSC11517,0,1293,1293,1220,219,1439,525,80,605,565,29,594,252,12,264,61,0,61,2623,1633,4256
SSC11518,0,65,65,175,3,178,97,0,97,99,4,103,36,3,39,5,0,5,412,75,487
SSC11519,0,490,490,548,39,587,141,8,149,102,0,102,36,0,36,21,0,21,848,537,1385
SSC11520,0,26,26,51,3,54,24,0,24,15,0,15,11,0,11,3,0,3,104,29,133
SSC11521,0,175,175,242,15,257,92,3,95,70,0,70,43,0,43,26,0,26,473,193,666
SSC11522,0,20,20,24,4,28,3,0,3,10,0,10,7,0,7,3,0,3,47,24,71
SSC11523,0,8,8,18,4,22,7,0,7,9,0,9,0,0,0,5,0,5,39,12,51
SSC11524,0,1753,1753,1983,178,2161,1424,44,1468,1390,18,1408,844,11,855,738,3,741,6379,2007,8386
SSC11525,0,591,591,549,42,591,323,7,330,306,3,309,172,0,172,125,0,125,1475,643,2118
SSC11526,0,12,12,34,3,37,19,0,19,8,0,8,8,0,8,5,0,5,74,15,89
SSC11527,0,3,3,3,0,3,0,0,0,0,0,0,0,0,0,0,0,0,3,3,6
SSC11528,0,350,350,538,48,586,301,5,306,265,3,268,126,0,126,81,0,81,1311,406,1717
SSC11529,0,18,18,41,3,44,5,0,5,12,0,12,13,0,13,6,0,6,77,21,98
SSC11530,0,28,28,66,4,70,37,0,37,44,0,44,22,0,22,11,0,11,180,32,212
SSC11531,0,28,28,76,5,81,25,0,25,25,0,25,14,0,14,5,0,5,145,33,178
SSC11532,0,18,18,51,6,57,22,0,22,21,0,21,14,0,14,9,0,9,117,24,141
SSC11533,0,62,62,118,7,125,75,0,75,119,0,119,32,0,32,9,0,9,353,69,422
SSC11534,0,32,32,95,4,99,45,0,45,65,0,65,27,0,27,21,0,21,253,36,289
SSC11535,0,21,21,48,3,51,35,0,35,27,0,27,21,0,21,9,0,9,140,24,164
SSC11536,0,31,31,35,4,39,11,0,11,15,0,15,5,0,5,0,0,0,66,35,101
SSC11537,0,366,366,218,22,240,131,0,131,133,0,133,84,0,84,92,0,92,658,388,1046
SSC11538,0,17,17,40,0,40,12,0,12,29,0,29,8,0,8,4,0,4,93,17,110
SSC11539,0,339,339,308,27,335,58,3,61,35,0,35,5,0,5,3,0,3,409,369,778
SSC11540,0,53,53,96,8,104,38,0,38,43,0,43,19,0,19,15,0,15,211,61,272
SSC11541,0,58,58,91,3,94,12,0,12,11,0,11,5,0,5,4,0,4,123,61,184
SSC11542,0,82,82,123,0,123,50,0,50,62,0,62,31,0,31,13,0,13,279,82,361
SSC11543,0,155,155,422,15,437,243,0,243,272,0,272,106,0,106,54,0,54,1097,170,1267
SSC11544,0,10,10,8,0,8,10,0,10,9,0,9,3,0,3,3,0,3,33,10,43
SSC11545,0,301,301,375,27,402,104,6,110,55,0,55,4,0,4,5,0,5,543,334,877
SSC11546,0,150,150,195,3,198,67,0,67,53,0,53,33,0,33,6,0,6,354,153,507
SSC11547,0,148,148,318,24,342,317,0,317,387,0,387,209,0,209,137,0,137,1368,172,1540
SSC11548,0,14,14,40,3,43,11,0,11,12,0,12,11,0,11,7,0,7,81,17,98
SSC11549,0,26,26,65,4,69,40,0,40,49,0,49,33,0,33,6,0,6,193,30,223
SSC11550,0,70,70,143,0,143,50,0,50,43,0,43,12,0,12,9,0,9,257,70,327
SSC11551,0,24,24,40,0,40,5,0,5,8,0,8,7,0,7,0,0,0,60,24,84
SSC11552,0,10,10,10,0,10,7,0,7,5,0,5,6,0,6,3,0,3,31,10,41
SSC11553,0,581,581,746,56,802,618,4,622,627,3,630,299,0,299,260,0,260,2550,644,3194
SSC11554,0,15,15,39,3,42,12,0,12,16,0,16,11,0,11,15,0,15,93,18,111
SSC11555,0,1537,1537,1772,172,1944,837,27,864,802,6,808,290,3,293,129,0,129,3830,1745,5575
SSC11556,0,74,74,92,3,95,43,0,43,39,0,39,24,0,24,9,0,9,207,77,284
SSC11557,0,24,24,27,0,27,6,0,6,11,0,11,15,0,15,3,0,3,62,24,86
SSC11558,0,30,30,53,3,56,13,0,13,4,0,4,9,0,9,10,0,10,89,33,122
SSC11559,0,62,62,20,10,30,13,0,13,6,3,9,3,0,3,4,0,4,46,75,121
SSC11560,0,13,13,31,4,35,12,0,12,25,0,25,11,0,11,4,0,4,83,17,100
SSC11561,0,28,28,73,5,78,21,0,21,24,0,24,12,0,12,0,0,0,130,33,163
SSC11562,0,674,674,761,39,800,279,0,279,258,3,261,123,0,123,48,0,48,1469,716,2185
SSC11563,0,569,569,877,42,919,224,13,237,252,0,252,129,0,129,38,0,38,1520,624,2144
SSC11564,0,30,30,52,0,52,30,3,33,37,0,37,19,0,19,14,0,14,152,33,185
SSC11565,0,18,18,28,7,35,15,0,15,14,0,14,0,0,0,0,0,0,57,25,82
SSC11566,0,17,17,36,4,40,15,0,15,5,0,5,10,0,10,3,0,3,69,21,90
SSC11567,0,17,17,37,3,40,14,0,14,12,0,12,4,0,4,4,0,4,71,20,91
SSC11568,0,0,0,3,0,3,3,0,3,3,0,3,3,0,3,0,0,0,12,0,12
SSC11569,0,45,45,67,3,70,15,0,15,13,0,13,6,0,6,3,0,3,104,48,152
SSC11570,0,124,124,197,8,205,50,3,53,56,0,56,21,0,21,9,0,9,333,135,468
SSC11571,0,278,278,395,21,416,91,3,94,77,0,77,24,0,24,13,0,13,600,302,902
SSC11572,0,229,229,315,20,335,113,0,113,126,3,129,67,0,67,48,0,48,669,252,921
SSC11573,0,826,826,1174,78,1252,538,22,560,626,3,629,278,0,278,91,0,91,2707,929,3636
SSC11574,0,15,15,26,3,29,13,0,13,9,0,9,4,0,4,6,0,6,58,18,76
SSC11575,0,0,0,0,0,0,0,0,0,0,0,0,0,0,0,0,0,0,0,0,0
SSC11576,0,25,25,55,3,58,13,0,13,25,0,25,18,0,18,4,0,4,115,28,143
SSC11577,0,46,46,71,3,74,30,0,30,23,0,23,14,0,14,4,0,4,142,49,191
SSC11578,0,484,484,530,45,575,272,6,278,239,0,239,100,0,100,41,0,41,1182,535,1717
SSC11579,0,39,39,42,4,46,20,0,20,21,0,21,10,0,10,4,0,4,97,43,140
SSC11580,0,19,19,41,3,44,19,0,19,17,0,17,3,0,3,0,0,0,80,22,102
SSC11581,0,33,33,55,4,59,14,0,14,7,0,7,3,0,3,3,0,3,82,37,119
SSC11582,0,61,61,93,4,97,46,0,46,73,3,76,19,0,19,11,0,11,242,68,310
SSC11583,0,68,68,141,8,149,54,0,54,65,0,65,15,0,15,10,0,10,285,76,361
SSC11584,0,17,17,45,3,48,9,0,9,6,0,6,4,0,4,8,0,8,72,20,92
SSC11585,0,82,82,188,6,194,71,0,71,95,0,95,52,0,52,25,0,25,431,88,519
SSC11586,0,31,31,61,3,64,30,3,33,19,0,19,9,0,9,3,0,3,122,37,159
SSC11587,0,17,17,35,3,38,19,0,19,5,0,5,7,0,7,5,0,5,71,20,91
SSC11588,0,48,48,176,7,183,90,0,90,110,0,110,43,0,43,26,0,26,445,55,500
SSC11589,0,0,0,0,0,0,0,0,0,0,0,0,0,0,0,0,0,0,0,0,0
SSC11590,0,379,379,712,41,753,488,3,491,474,0,474,252,0,252,105,0,105,2031,423,2454
SSC11591,0,53,53,73,5,78,30,0,30,19,0,19,19,0,19,7,0,7,148,58,206
SSC11592,0,3,3,5,3,8,6,0,6,8,0,8,5,0,5,0,0,0,24,6,30
SSC11593,0,909,909,1007,72,1079,466,6,472,429,4,433,217,0,217,117,0,117,2236,991,3227
SSC11594,0,482,482,403,35,438,105,3,108,77,3,80,45,0,45,33,0,33,663,523,1186
SSC11595,0,40,40,81,7,88,35,0,35,40,0,40,16,0,16,7,0,7,179,47,226
SSC11596,0,122,122,165,9,174,82,0,82,59,3,62,26,0,26,14,0,14,346,134,480
SSC11597,0,1022,1022,1043,134,1177,644,10,654,603,11,614,208,3,211,85,0,85,2583,1180,3763
SSC11598,0,60,60,106,4,110,53,3,56,42,0,42,15,0,15,3,0,3,219,67,286
SSC11599,0,13,13,33,0,33,13,0,13,6,0,6,3,0,3,3,0,3,58,13,71
SSC11600,0,57,57,71,3,74,21,0,21,16,0,16,13,0,13,3,0,3,124,60,184
SSC11601,0,437,437,566,33,599,195,3,198,183,0,183,63,3,66,54,0,54,1061,476,1537
SSC11602,0,79,79,149,12,161,53,0,53,39,0,39,14,0,14,10,0,10,265,91,356
SSC11603,0,3406,3406,3297,290,3587,1371,39,1410,1484,14,1498,679,0,679,162,0,162,6993,3749,10742
SSC11604,0,837,837,1042,66,1108,406,6,412,385,0,385,174,0,174,83,0,83,2090,909,2999
SSC11605,0,60,60,81,3,84,24,0,24,22,0,22,12,0,12,3,0,3,142,63,205
SSC11606,0,20,20,46,0,46,17,0,17,8,0,8,7,0,7,5,0,5,83,20,103
SSC11607,0,77,77,88,4,92,24,0,24,34,0,34,11,0,11,6,0,6,163,81,244
SSC11608,0,268,268,772,38,810,583,7,590,939,0,939,377,0,377,153,0,153,2824,313,3137
SSC11609,0,41,41,82,3,85,31,0,31,25,0,25,11,0,11,3,0,3,152,44,196
SSC11610,0,515,515,505,56,561,224,8,232,160,4,164,85,0,85,42,0,42,1016,583,1599
SSC11611,0,70,70,63,5,68,32,0,32,20,0,20,7,0,7,5,0,5,127,75,202
SSC11612,0,291,291,619,39,658,437,4,441,576,3,579,243,0,243,83,0,83,1958,337,2295
SSC11613,0,846,846,1041,106,1147,884,15,899,883,6,889,506,3,509,482,0,482,3796,976,4772
SSC11614,0,3,3,21,3,24,20,0,20,9,0,9,3,0,3,4,0,4,57,6,63
SSC11615,0,11,11,31,0,31,9,0,9,9,0,9,0,0,0,4,0,4,53,11,64
SSC11616,0,40,40,35,4,39,17,0,17,6,0,6,7,0,7,7,0,7,72,44,116
SSC11617,0,42,42,70,0,70,39,0,39,47,0,47,34,0,34,18,0,18,208,42,250
SSC11618,0,348,348,399,29,428,188,3,191,158,5,163,50,3,53,39,0,39,834,388,1222
SSC11619,0,89,89,181,3,184,90,4,94,109,0,109,46,0,46,14,0,14,440,96,536
SSC11620,0,59,59,107,9,116,56,0,56,86,0,86,30,0,30,8,0,8,287,68,355
SSC11621,0,97,97,169,9,178,87,0,87,121,0,121,54,0,54,14,0,14,445,106,551
SSC11622,0,40,40,88,5,93,65,0,65,50,0,50,44,0,44,34,0,34,281,45,326
SSC11623,0,20,20,22,0,22,17,0,17,14,0,14,3,0,3,6,0,6,62,20,82
SSC11624,0,78,78,189,13,202,83,3,86,115,7,122,33,3,36,17,0,17,437,104,541
SSC11625,0,70,70,138,5,143,78,0,78,80,3,83,37,0,37,13,0,13,346,78,424
SSC11626,0,529,529,683,43,726,498,5,503,473,3,476,295,0,295,255,0,255,2204,580,2784
SSC11627,0,15,15,49,3,52,14,0,14,20,0,20,7,0,7,8,0,8,98,18,116
SSC11628,0,148,148,379,13,392,185,3,188,166,0,166,85,0,85,42,0,42,857,164,1021
SSC11629,0,19,19,40,3,43,12,0,12,20,0,20,9,0,9,8,0,8,89,22,111
SSC11630,0,132,132,148,13,161,96,3,99,82,0,82,27,0,27,19,0,19,372,148,520
SSC11631,0,12,12,15,3,18,10,0,10,13,0,13,5,0,5,4,0,4,47,15,62
SSC11632,0,18,18,63,4,67,52,0,52,62,0,62,50,0,50,31,0,31,258,22,280
SSC11633,0,133,133,110,16,126,55,4,59,42,0,42,15,0,15,6,0,6,228,153,381
SSC11634,0,10,10,42,0,42,12,0,12,16,0,16,5,0,5,3,0,3,78,10,88
SSC11635,0,23,23,50,0,50,28,0,28,20,0,20,11,0,11,3,0,3,112,23,135
SSC11636,0,276,276,638,14,652,312,0,312,252,0,252,92,0,92,63,0,63,1357,290,1647
SSC11637,0,20,20,31,4,35,11,0,11,4,0,4,6,0,6,3,0,3,55,24,79
SSC11638,0,15,15,16,0,16,9,0,9,16,0,16,6,0,6,0,0,0,47,15,62
SSC11639,0,1040,1040,1146,101,1247,527,11,538,461,5,466,242,0,242,105,0,105,2481,1157,3638
SSC11640,0,27,27,75,3,78,44,0,44,48,0,48,22,0,22,12,0,12,201,30,231
SSC11641,0,40,40,85,3,88,33,0,33,41,0,41,24,0,24,13,0,13,196,43,239
SSC11642,0,86,86,179,4,183,78,0,78,108,0,108,63,0,63,44,0,44,472,90,562
SSC11643,0,9,9,3,0,3,4,0,4,11,0,11,4,0,4,5,0,5,27,9,36
SSC11644,0,30,30,64,3,67,42,0,42,38,0,38,7,0,7,3,0,3,154,33,187
SSC11645,0,22,22,45,3,48,24,0,24,10,0,10,13,0,13,4,0,4,96,25,121
SSC11646,0,26,26,73,0,73,28,0,28,28,0,28,17,0,17,16,0,16,162,26,188
SSC11647,0,8,8,10,0,10,6,0,6,4,0,4,5,0,5,3,0,3,28,8,36
SSC11648,0,351,351,376,39,415,210,3,213,169,3,172,59,3,62,29,0,29,843,399,1242
SSC11649,0,47,47,61,8,69,39,0,39,37,0,37,18,0,18,6,0,6,161,55,216
SSC11650,0,220,220,363,21,384,62,0,62,68,0,68,39,0,39,13,0,13,545,241,786
SSC11651,0,55,55,53,0,53,17,0,17,17,0,17,12,0,12,5,0,5,104,55,159
SSC11652,0,24,24,37,0,37,4,0,4,8,0,8,7,0,7,6,0,6,62,24,86
SSC11653,0,5,5,11,0,11,0,0,0,9,0,9,4,0,4,0,0,0,24,5,29
SSC11654,0,4,4,27,0,27,7,0,7,15,0,15,8,0,8,4,0,4,61,4,65
SSC11655,0,92,92,86,7,93,29,0,29,29,0,29,25,0,25,11,0,11,180,99,279
SSC11656,0,21,21,23,0,23,8,0,8,17,0,17,11,0,11,8,0,8,67,21,88
SSC11657,0,9,9,24,0,24,10,0,10,4,0,4,7,0,7,0,0,0,45,9,54
SSC11658,0,4,4,4,0,4,3,0,3,4,0,4,3,0,3,5,0,5,19,4,23
SSC11659,0,29,29,46,3,49,13,0,13,23,0,23,8,0,8,5,0,5,95,32,127
SSC11660,0,83,83,313,10,323,141,0,141,191,0,191,93,0,93,45,0,45,783,93,876
SSC11661,0,81,81,76,5,81,14,4,18,24,0,24,4,0,4,7,0,7,125,90,215
SSC11662,0,137,137,122,7,129,52,0,52,27,0,27,17,0,17,0,0,0,218,144,362
SSC11663,0,765,765,769,69,838,347,6,353,298,0,298,126,0,126,77,0,77,1617,840,2457
SSC11664,0,16,16,46,0,46,24,0,24,34,0,34,23,0,23,10,0,10,137,16,153
SSC11665,0,1105,1105,1265,119,1384,616,11,627,621,4,625,324,0,324,123,0,123,2949,1239,4188
SSC11666,0,12,12,17,3,20,10,0,10,6,0,6,6,0,6,5,0,5,44,15,59
SSC11667,0,8,8,12,0,12,10,0,10,9,0,9,7,0,7,0,0,0,38,8,46
SSC11668,0,53,53,59,5,64,7,0,7,9,0,9,9,0,9,4,0,4,88,58,146
SSC11669,0,73,73,111,16,127,45,3,48,49,3,52,23,0,23,7,0,7,235,95,330
SSC11670,0,10,10,28,3,31,3,0,3,3,0,3,0,0,0,0,0,0,34,13,47
SSC11671,0,18,18,35,4,39,9,0,9,8,0,8,10,0,10,3,0,3,65,22,87
SSC11672,0,26,26,46,0,46,16,0,16,24,0,24,15,0,15,3,0,3,104,26,130
SSC11673,0,35,35,38,3,41,9,0,9,6,0,6,8,0,8,3,0,3,64,38,102
SSC11674,0,111,111,200,9,209,78,3,81,84,0,84,42,0,42,18,0,18,422,123,545
SSC11675,0,1110,1110,987,85,1072,278,4,282,197,0,197,92,0,92,59,0,59,1613,1199,2812
SSC11676,0,55,55,127,12,139,50,0,50,66,0,66,31,0,31,14,0,14,288,67,355
SSC11677,0,24,24,52,0,52,17,0,17,15,0,15,14,0,14,12,0,12,110,24,134
SSC11678,0,0,0,15,0,15,14,0,14,12,0,12,3,0,3,3,0,3,47,0,47
SSC11679,0,19,19,50,0,50,22,0,22,18,0,18,7,0,7,4,0,4,101,19,120
SSC11680,0,14,14,7,0,7,13,0,13,10,0,10,6,0,6,8,0,8,44,14,58
SSC11681,0,501,501,802,59,861,488,13,501,513,0,513,217,3,220,97,3,100,2117,579,2696
SSC11682,0,248,248,351,26,377,200,9,209,229,0,229,91,0,91,64,0,64,935,283,1218
SSC11683,0,244,244,582,24,606,404,4,408,593,0,593,250,3,253,121,0,121,1950,275,2225
SSC11684,0,585,585,712,88,800,345,23,368,341,3,344,102,0,102,21,0,21,1521,699,2220
SSC11685,0,395,395,425,25,450,94,4,98,79,0,79,36,0,36,15,0,15,649,424,1073
SSC11686,0,1321,1321,1051,109,1160,366,28,394,247,4,251,84,0,84,29,0,29,1777,1462,3239
SSC11687,0,722,722,930,63,993,373,8,381,373,3,376,201,0,201,74,0,74,1951,796,2747
SSC11688,0,9,9,27,3,30,8,0,8,24,0,24,13,0,13,6,0,6,78,12,90
SSC11689,0,556,556,529,32,561,206,0,206,204,3,207,102,0,102,57,0,57,1098,591,1689
SSC11690,0,96,96,227,9,236,67,0,67,50,0,50,32,0,32,5,0,5,381,105,486
SSC11691,0,601,601,542,44,586,344,3,347,403,0,403,175,3,178,94,0,94,1558,651,2209
SSC11692,0,466,466,553,37,590,219,4,223,221,0,221,110,0,110,78,0,78,1181,507,1688
SSC11693,0,465,465,442,27,469,296,6,302,283,0,283,123,0,123,74,0,74,1218,498,1716
SSC11694,0,24,24,52,0,52,12,0,12,27,0,27,12,0,12,4,0,4,107,24,131
SSC11695,0,20,20,31,4,35,11,0,11,13,0,13,11,0,11,0,0,0,66,24,90
SSC11696,0,64,64,54,5,59,30,0,30,13,0,13,7,0,7,6,0,6,110,69,179
SSC11697,0,24,24,41,0,41,13,0,13,12,0,12,5,0,5,0,0,0,71,24,95
SSC11698,0,22,22,41,3,44,21,0,21,31,0,31,20,0,20,9,0,9,122,25,147
SSC11699,0,635,635,813,58,871,277,5,282,225,3,228,81,0,81,40,0,40,1436,701,2137
SSC11700,0,5,5,38,0,38,14,0,14,23,0,23,12,0,12,7,0,7,94,5,99
SSC11701,0,51,51,90,12,102,35,0,35,36,0,36,16,0,16,3,0,3,180,63,243
SSC11702,0,13,13,42,3,45,15,0,15,19,0,19,10,0,10,4,0,4,90,16,106
SSC11703,0,30,30,78,0,78,13,0,13,15,0,15,4,0,4,4,0,4,114,30,144
SSC11704,0,54,54,64,4,68,23,0,23,3,0,3,6,0,6,0,0,0,96,58,154
SSC11705,0,4,4,7,4,11,3,0,3,0,0,0,0,0,0,3,0,3,13,8,21
SSC11706,0,16,16,51,5,56,21,0,21,20,0,20,11,0,11,5,0,5,108,21,129
SSC11707,0,26,26,47,0,47,15,0,15,19,0,19,14,0,14,6,0,6,101,26,127
SSC11708,0,1746,1746,1511,275,1786,455,75,530,288,13,301,65,0,65,11,3,14,2330,2112,4442
SSC11709,0,21,21,26,0,26,10,0,10,14,0,14,7,0,7,0,0,0,57,21,78
SSC11710,0,17,17,32,0,32,9,0,9,7,0,7,5,0,5,5,0,5,58,17,75
SSC11711,0,46,46,71,3,74,31,0,31,28,0,28,12,0,12,10,0,10,152,49,201
SSC11712,0,41,41,44,8,52,16,3,19,19,0,19,0,0,0,0,0,0,79,52,131
SSC11713,0,26,26,38,7,45,15,0,15,12,0,12,4,0,4,4,0,4,73,33,106
SSC11714,0,1228,1228,1116,125,1241,524,25,549,589,9,598,224,0,224,63,0,63,2516,1387,3903
SSC11715,0,79,79,247,8,255,129,7,136,159,5,164,61,0,61,17,0,17,613,99,712
SSC11716,0,25,25,29,0,29,7,0,7,6,0,6,5,0,5,3,0,3,50,25,75
SSC11717,0,422,422,374,86,460,94,43,137,36,4,40,14,4,18,5,3,8,523,562,1085
SSC11718,0,193,193,134,29,163,34,17,51,30,13,43,8,0,8,5,0,5,211,252,463
SSC11719,0,132,132,79,29,108,20,9,29,11,0,11,0,0,0,0,0,0,110,170,280
SSC11720,0,33,33,50,0,50,19,0,19,19,0,19,15,0,15,5,0,5,108,33,141
SSC11721,0,304,304,547,47,594,391,11,402,403,0,403,115,0,115,33,0,33,1489,362,1851
SSC11722,0,722,722,1064,85,1149,491,15,506,594,4,598,237,0,237,82,0,82,2468,826,3294
SSC11723,0,37,37,74,3,77,31,0,31,21,0,21,11,0,11,3,0,3,140,40,180
SSC11724,0,2082,2082,1788,584,2372,659,248,907,444,91,535,86,31,117,27,3,30,3004,3039,6043
SSC11725,0,206,206,266,32,298,165,5,170,214,0,214,74,0,74,27,0,27,746,243,989
SSC11726,0,11,11,26,0,26,6,0,6,8,0,8,3,0,3,3,0,3,46,11,57
SSC11727,0,270,270,202,39,241,77,9,86,57,0,57,35,0,35,9,0,9,380,318,698
SSC11728,0,34,34,40,0,40,7,3,10,7,0,7,5,0,5,3,0,3,62,37,99
SSC11729,0,16,16,37,3,40,22,0,22,9,0,9,7,0,7,4,0,4,79,19,98
SSC11730,0,79,79,152,6,158,60,0,60,63,0,63,22,0,22,5,0,5,302,85,387
SSC11731,0,286,286,317,29,346,180,0,180,143,0,143,52,0,52,24,0,24,716,315,1031
SSC11732,0,57,57,101,10,111,47,0,47,55,0,55,20,0,20,5,0,5,228,67,295
SSC11733,0,380,380,468,18,486,277,3,280,356,3,359,140,3,143,56,3,59,1297,410,1707
SSC11734,0,779,779,714,86,800,343,13,356,254,4,258,110,3,113,67,0,67,1488,885,2373
SSC11735,0,45,45,98,0,98,14,0,14,9,0,9,10,0,10,3,0,3,134,45,179
SSC11736,0,122,122,226,17,243,99,6,105,131,5,136,55,0,55,11,0,11,522,150,672
SSC11737,0,134,134,233,17,250,198,4,202,338,0,338,117,0,117,34,0,34,920,155,1075
SSC11738,0,72,72,94,3,97,31,0,31,21,0,21,5,0,5,9,0,9,160,75,235
SSC11739,0,141,141,191,15,206,69,4,73,65,0,65,43,0,43,10,0,10,378,160,538
SSC11740,0,855,855,806,275,1081,459,71,530,472,22,494,185,7,192,37,0,37,1959,1230,3189
SSC11741,0,0,0,3,0,3,0,0,0,0,0,0,0,0,0,0,0,0,3,0,3
SSC11742,0,43,43,123,4,127,45,0,45,58,0,58,28,0,28,22,0,22,276,47,323
SSC11743,0,174,174,259,24,283,201,8,209,286,5,291,118,0,118,54,0,54,918,211,1129
SSC11744,0,32,32,51,5,56,13,0,13,16,0,16,4,0,4,4,0,4,88,37,125
SSC11745,0,217,217,399,16,415,215,3,218,380,4,384,157,0,157,43,3,46,1194,243,1437
SSC11746,0,424,424,377,56,433,199,8,207,188,0,188,65,0,65,33,0,33,862,488,1350
SSC11747,0,282,282,315,16,331,59,0,59,40,0,40,20,0,20,16,0,16,450,298,748
SSC11748,0,297,297,368,63,431,165,26,191,143,20,163,52,9,61,20,13,33,748,428,1176
SSC11749,0,69,69,79,20,99,55,3,58,36,5,41,12,0,12,10,0,10,192,97,289
SSC11750,0,73,73,96,6,102,36,0,36,17,0,17,15,0,15,12,0,12,176,79,255
SSC11751,0,148,148,208,13,221,167,3,170,211,0,211,89,3,92,38,0,38,713,167,880
SSC11752,0,56,56,143,5,148,23,0,23,22,0,22,3,0,3,0,0,0,191,61,252
SSC11753,0,300,300,499,42,541,299,16,315,424,4,428,182,0,182,54,0,54,1458,362,1820
SSC11754,0,532,532,650,54,704,328,0,328,301,0,301,133,0,133,48,0,48,1460,586,2046
SSC11755,0,1414,1414,1269,191,1460,735,49,784,547,7,554,213,0,213,131,0,131,2895,1661,4556
SSC11756,0,376,376,528,31,559,283,4,287,255,3,258,107,0,107,80,0,80,1253,414,1667
SSC11757,0,333,333,781,20,801,445,5,450,614,0,614,218,0,218,85,0,85,2143,358,2501
SSC11758,0,53,53,102,3,105,47,0,47,47,0,47,28,0,28,9,0,9,233,56,289
SSC11759,0,647,647,872,51,923,617,33,650,712,10,722,281,9,290,113,3,116,2595,753,3348
SSC11760,0,32,32,45,10,55,25,0,25,20,0,20,11,0,11,0,0,0,101,42,143
SSC11761,0,252,252,363,32,395,206,5,211,185,3,188,91,0,91,85,0,85,930,292,1222
SSC11762,0,42,42,54,4,58,17,0,17,26,0,26,10,0,10,9,0,9,116,46,162
SSC11763,0,325,325,405,90,495,277,33,310,238,10,248,99,0,99,31,0,31,1050,458,1508
SSC11764,0,1145,1145,949,143,1092,298,59,357,151,11,162,43,0,43,9,3,12,1450,1361,2811
SSC11765,0,661,661,515,45,560,192,8,200,146,3,149,75,0,75,19,0,19,947,717,1664
SSC11766,0,15,15,40,4,44,18,0,18,18,0,18,11,0,11,0,0,0,87,19,106
SSC11767,0,369,369,486,10,496,172,0,172,255,0,255,95,0,95,24,0,24,1032,379,1411
SSC11768,0,55,55,83,13,96,40,3,43,39,0,39,21,0,21,10,0,10,193,71,264
SSC11769,0,55,55,199,7,206,104,0,104,162,0,162,61,0,61,25,0,25,551,62,613
SSC11770,0,327,327,420,46,466,215,13,228,263,4,267,118,3,121,31,0,31,1047,393,1440
SSC11771,0,292,292,200,95,295,67,30,97,44,15,59,17,3,20,4,3,7,332,438,770
SSC11772,0,8,8,9,3,12,3,0,3,7,0,7,3,0,3,3,0,3,25,11,36
SSC11773,0,351,351,545,33,578,309,9,318,434,0,434,242,0,242,63,0,63,1593,393,1986
SSC11774,0,1126,1126,1262,114,1376,643,22,665,585,4,589,214,0,214,82,0,82,2786,1266,4052
SSC11775,0,25,25,89,3,92,39,0,39,69,0,69,33,0,33,14,0,14,244,28,272
SSC11776,0,12,12,32,0,32,4,0,4,3,0,3,4,0,4,0,0,0,43,12,55
SSC11777,0,1305,1305,1117,111,1228,461,11,472,330,3,333,168,0,168,99,0,99,2175,1430,3605
SSC11778,0,32,32,135,0,135,54,0,54,72,0,72,42,0,42,21,0,21,324,32,356
SSC11779,0,16,16,63,0,63,24,0,24,33,0,33,31,0,31,7,0,7,158,16,174
SSC11780,0,19,19,45,5,50,18,5,23,25,0,25,12,0,12,5,0,5,105,29,134
SSC11781,0,13,13,25,0,25,9,0,9,7,0,7,7,0,7,3,0,3,51,13,64
SSC11782,0,41,41,51,0,51,11,0,11,23,0,23,12,0,12,3,0,3,100,41,141
SSC11783,0,20,20,38,3,41,17,0,17,19,0,19,6,0,6,0,0,0,80,23,103
SSC11784,0,28,28,80,6,86,41,0,41,34,0,34,22,0,22,13,0,13,190,34,224
SSC11785,0,97,97,102,7,109,24,0,24,25,0,25,7,0,7,4,0,4,162,104,266
SSC11786,0,4,4,0,0,0,0,0,0,0,0,0,0,0,0,0,0,0,0,4,4
SSC11787,0,0,0,5,0,5,0,0,0,0,0,0,0,0,0,0,0,0,5,0,5
SSC11788,0,44,44,39,3,42,14,0,14,15,0,15,6,0,6,4,0,4,78,47,125
SSC11789,0,284,284,264,14,278,111,0,111,118,0,118,66,0,66,33,0,33,592,298,890
SSC11790,0,34,34,84,3,87,31,0,31,40,0,40,20,0,20,8,0,8,183,37,220
SSC11791,0,519,519,741,43,784,408,3,411,383,0,383,159,0,159,77,0,77,1768,565,2333
SSC11792,0,98,98,198,9,207,98,0,98,116,0,116,69,0,69,37,0,37,518,107,625
SSC11793,0,20,20,60,6,66,34,3,37,41,0,41,19,0,19,8,0,8,162,29,191
SSC11794,0,183,183,357,26,383,393,4,397,477,0,477,279,3,282,184,0,184,1690,216,1906
SSC11795,0,31,31,45,0,45,7,0,7,8,0,8,4,0,4,6,0,6,70,31,101
SSC11796,0,66,66,178,5,183,84,3,87,127,0,127,60,0,60,46,0,46,495,74,569
SSC11797,0,48,48,47,3,50,19,0,19,17,0,17,5,0,5,3,0,3,91,51,142
SSC11798,0,314,314,439,30,469,275,3,278,327,3,330,194,0,194,93,0,93,1328,350,1678
SSC11799,0,735,735,1060,51,1111,592,6,598,715,0,715,311,3,314,101,0,101,2779,795,3574
SSC11800,0,336,336,407,20,427,176,0,176,159,0,159,85,0,85,35,0,35,862,356,1218
SSC11801,0,20,20,57,0,57,19,0,19,15,0,15,11,0,11,4,0,4,106,20,126
SSC11802,0,480,480,634,89,723,301,17,318,280,6,286,102,0,102,36,0,36,1353,592,1945
SSC11803,0,477,477,655,39,694,218,3,221,192,3,195,85,0,85,43,0,43,1193,522,1715
SSC11804,0,24,24,43,3,46,12,0,12,13,0,13,6,0,6,8,0,8,82,27,109
SSC11805,0,100,100,119,12,131,57,0,57,51,0,51,20,0,20,11,0,11,258,112,370
SSC11806,0,22,22,27,4,31,6,0,6,13,0,13,4,0,4,3,0,3,53,26,79
SSC11807,0,75,75,125,5,130,84,5,89,122,3,125,101,0,101,139,0,139,571,88,659
SSC11808,0,32,32,84,4,88,25,0,25,20,0,20,17,0,17,9,0,9,155,36,191
SSC11809,0,151,151,264,9,273,171,3,174,185,0,185,83,3,86,30,0,30,733,166,899
SSC11810,0,8,8,21,3,24,11,0,11,20,0,20,10,0,10,7,0,7,69,11,80
SSC11811,0,6,6,13,0,13,8,0,8,3,0,3,0,0,0,3,0,3,27,6,33
SSC11812,0,14,14,20,0,20,8,0,8,3,0,3,7,0,7,3,0,3,41,14,55
SSC11813,0,9,9,17,4,21,12,0,12,13,0,13,3,0,3,3,0,3,48,13,61
SSC11814,0,3770,3770,3959,340,4299,1849,64,1913,1818,31,1849,904,3,907,424,3,427,8954,4211,13165
SSC11815,0,28,28,97,0,97,55,0,55,67,0,67,43,0,43,31,0,31,293,28,321
SSC11816,0,51,51,133,5,138,88,3,91,109,0,109,85,0,85,54,0,54,469,59,528
SSC11817,0,68,68,101,8,109,27,0,27,26,0,26,14,0,14,10,0,10,178,76,254
SSC11818,0,4,4,35,3,38,8,0,8,19,0,19,8,0,8,3,0,3,73,7,80
SSC11819,0,16,16,24,0,24,21,0,21,30,0,30,3,0,3,3,0,3,81,16,97
SSC11820,0,29,29,57,0,57,19,0,19,25,0,25,20,0,20,10,0,10,131,29,160
SSC11821,0,268,268,420,35,455,234,7,241,251,3,254,138,3,141,60,0,60,1103,316,1419
SSC11822,0,48,48,62,3,65,16,0,16,19,0,19,16,0,16,5,0,5,118,51,169
SSC11823,0,19,19,42,3,45,14,0,14,13,0,13,11,0,11,5,0,5,85,22,107
SSC11824,0,209,209,283,35,318,176,0,176,148,4,152,73,0,73,50,0,50,730,248,978
SSC11825,0,272,272,405,30,435,205,3,208,165,0,165,72,0,72,39,0,39,886,305,1191
SSC11826,0,229,229,489,17,506,350,3,353,414,0,414,203,0,203,55,0,55,1511,249,1760
SSC11827,0,1846,1846,1499,328,1827,553,187,740,474,71,545,102,12,114,15,0,15,2643,2444,5087
SSC11828,0,18,18,33,0,33,10,0,10,8,0,8,4,0,4,0,0,0,55,18,73
SSC11829,0,1064,1064,1174,74,1248,793,13,806,783,3,786,380,0,380,195,0,195,3325,1154,4479
SSC11830,0,260,260,351,20,371,197,0,197,216,0,216,102,0,102,39,0,39,905,280,1185
SSC11831,0,277,277,294,18,312,204,11,215,266,4,270,118,3,121,51,0,51,933,313,1246
SSC11832,0,38,38,76,3,79,27,0,27,24,0,24,10,0,10,4,0,4,141,41,182
SSC11833,0,148,148,236,10,246,84,0,84,58,0,58,33,0,33,11,0,11,422,158,580
SSC11834,0,43,43,68,0,68,27,3,30,19,0,19,11,0,11,5,0,5,130,46,176
SSC11835,0,113,113,114,6,120,43,0,43,43,0,43,13,0,13,5,0,5,218,119,337
SSC11836,0,64,64,103,5,108,45,0,45,29,0,29,14,0,14,4,0,4,195,69,264
SSC11837,0,22,22,60,0,60,21,0,21,13,0,13,11,0,11,3,0,3,108,22,130
SSC11838,0,863,863,1064,69,1133,668,11,679,782,6,788,367,0,367,159,0,159,3040,949,3989
SSC11839,0,1190,1190,1331,63,1394,579,19,598,462,3,465,305,0,305,184,0,184,2861,1275,4136
SSC11840,0,27,27,56,4,60,12,0,12,27,0,27,7,0,7,3,0,3,105,31,136
SSC11841,0,57,57,156,12,168,167,3,170,238,0,238,87,0,87,57,3,60,705,75,780
SSC11842,0,22,22,37,0,37,16,0,16,17,0,17,9,0,9,7,0,7,86,22,108
SSC11843,0,16,16,44,0,44,8,0,8,20,0,20,13,0,13,6,0,6,91,16,107
SSC11844,0,1842,1842,2056,360,2416,1318,145,1463,859,64,923,292,22,314,155,9,164,4680,2442,7122
SSC11845,0,11,11,35,0,35,11,0,11,11,0,11,15,0,15,0,0,0,72,11,83
SSC11846,0,42,42,99,5,104,45,0,45,47,0,47,22,0,22,9,0,9,222,47,269
SSC11847,0,37,37,36,3,39,9,0,9,4,0,4,0,0,0,0,0,0,49,40,89
SSC11848,0,64,64,92,7,99,39,0,39,57,0,57,26,0,26,15,0,15,229,71,300
SSC11849,0,159,159,164,6,170,53,0,53,41,0,41,31,0,31,9,0,9,298,165,463
SSC11850,0,892,892,892,39,931,558,4,562,612,4,616,289,0,289,143,0,143,2494,939,3433
SSC11851,0,123,123,280,3,283,130,0,130,166,0,166,69,0,69,35,0,35,680,126,806
SSC11852,0,79,79,91,5,96,17,0,17,7,0,7,4,0,4,4,0,4,123,84,207
SSC11853,0,14,14,26,3,29,16,0,16,15,0,15,19,0,19,7,0,7,83,17,100
SSC11854,0,40,40,66,4,70,40,0,40,31,0,31,18,0,18,6,0,6,161,44,205
SSC11855,0,112,112,129,13,142,61,0,61,46,0,46,18,0,18,18,0,18,272,125,397
SSC11856,0,78,78,127,8,135,54,0,54,47,0,47,18,0,18,6,0,6,252,86,338
SSC11857,0,5,5,22,3,25,4,0,4,8,0,8,4,0,4,3,0,3,41,8,49
SSC11858,0,78,78,267,14,281,237,0,237,254,0,254,76,0,76,32,0,32,866,92,958
SSC11859,0,599,599,563,40,603,433,6,439,354,6,360,176,0,176,90,0,90,1616,651,2267
SSC11860,0,486,486,679,32,711,413,7,420,492,3,495,226,0,226,78,0,78,1888,528,2416
SSC11861,0,1905,1905,1364,177,1541,649,25,674,498,6,504,198,0,198,111,0,111,2820,2113,4933
SSC11862,0,34,34,39,3,42,21,0,21,10,3,13,3,0,3,3,0,3,76,40,116
SSC11863,0,160,160,155,3,158,91,0,91,88,0,88,33,0,33,19,0,19,386,163,549
SSC11864,0,1108,1108,1126,132,1258,790,23,813,783,7,790,254,3,257,117,3,120,3070,1276,4346
SSC11865,0,55,55,79,3,82,37,0,37,50,0,50,23,0,23,10,0,10,199,58,257
SSC11866,0,970,970,849,210,1059,415,55,470,320,27,347,107,3,110,41,3,44,1732,1268,3000
SSC11867,0,24,24,57,0,57,25,0,25,39,0,39,32,0,32,11,0,11,164,24,188
SSC11868,0,32,32,34,3,37,24,3,27,27,0,27,16,0,16,4,0,4,105,38,143
SSC11869,0,38,38,61,4,65,24,3,27,46,0,46,23,0,23,14,0,14,168,45,213
SSC11870,0,11,11,22,3,25,18,0,18,14,0,14,4,0,4,3,0,3,61,14,75
SSC11871,0,13,13,34,0,34,10,0,10,14,0,14,9,0,9,0,0,0,67,13,80
SSC11872,0,20,20,51,3,54,17,0,17,29,0,29,14,0,14,3,0,3,114,23,137
SSC11873,0,7,7,25,3,28,13,0,13,23,0,23,7,0,7,3,0,3,71,10,81
SSC11874,0,298,298,582,21,603,316,3,319,438,3,441,168,0,168,69,0,69,1573,325,1898
SSC11875,0,305,305,442,14,456,251,6,257,294,0,294,151,0,151,74,0,74,1212,325,1537
SSC11876,0,12,12,42,6,48,8,0,8,24,0,24,7,3,10,8,0,8,89,21,110
SSC11877,0,30,30,41,0,41,15,0,15,27,0,27,3,0,3,7,0,7,93,30,123
SSC11878,0,20,20,62,6,68,37,0,37,21,0,21,8,0,8,9,0,9,137,26,163
SSC11879,0,36,36,44,3,47,8,0,8,8,0,8,3,0,3,3,0,3,66,39,105
SSC11880,0,33,33,40,0,40,15,0,15,20,0,20,4,0,4,4,0,4,83,33,116
SSC11881,0,0,0,0,0,0,0,0,0,0,0,0,0,0,0,0,0,0,0,0,0
SSC11882,0,4,4,5,0,5,0,0,0,3,0,3,0,0,0,3,0,3,11,4,15
SSC11883,0,94,94,177,10,187,115,3,118,129,0,129,80,0,80,32,0,32,533,107,640
SSC11884,0,25,25,44,3,47,19,0,19,9,0,9,12,0,12,3,0,3,87,28,115
SSC11885,0,9,9,17,0,17,20,0,20,25,0,25,14,0,14,3,0,3,79,9,88
SSC11886,0,239,239,372,32,404,409,5,414,622,3,625,325,0,325,239,0,239,1967,279,2246
SSC11887,0,398,398,438,32,470,196,3,199,215,0,215,102,0,102,33,0,33,984,433,1417
SSC11888,0,326,326,242,26,268,97,0,97,77,3,80,22,0,22,6,0,6,444,355,799
SSC11889,0,137,137,188,19,207,48,10,58,45,0,45,24,0,24,5,0,5,310,166,476
SSC11890,0,0,0,0,0,0,0,0,0,0,0,0,0,0,0,0,0,0,0,0,0
SSC11891,0,42,42,96,6,102,32,0,32,23,0,23,21,0,21,9,0,9,181,48,229
SSC11892,0,5,5,0,0,0,4,0,4,0,0,0,0,0,0,0,0,0,4,5,9
SSC11893,0,13,13,29,0,29,4,0,4,5,0,5,0,0,0,3,0,3,41,13,54
SSC11894,0,40,40,40,0,40,19,0,19,11,0,11,8,0,8,0,0,0,78,40,118
SSC11895,0,0,0,0,0,0,0,0,0,0,0,0,0,0,0,0,0,0,0,0,0
SSC11896,0,47,47,111,4,115,54,0,54,99,0,99,50,0,50,19,0,19,333,51,384
SSC11897,0,565,565,575,50,625,285,5,290,275,0,275,108,0,108,39,0,39,1282,620,1902
SSC11898,0,5027,5027,6480,406,6886,2065,53,2118,1867,3,1870,756,3,759,335,0,335,11503,5492,16995
SSC11899,0,21,21,20,0,20,7,0,7,6,0,6,6,0,6,0,0,0,39,21,60
SSC11900,0,241,241,313,18,331,124,0,124,111,0,111,52,0,52,29,0,29,629,259,888
SSC11901,0,0,0,0,0,0,0,0,0,0,0,0,0,0,0,0,0,0,0,0,0
SSC11902,0,24,24,33,6,39,13,0,13,15,0,15,10,0,10,4,0,4,75,30,105
SSC11903,0,33,33,42,3,45,19,0,19,9,0,9,3,0,3,0,0,0,73,36,109
SSC11904,0,0,0,0,0,0,0,0,0,0,0,0,0,0,0,0,0,0,0,0,0
SSC11905,0,1920,1920,932,259,1191,126,44,170,44,8,52,3,4,7,3,0,3,1108,2235,3343
SSC11906,0,374,374,728,56,784,294,3,297,376,0,376,134,0,134,57,0,57,1589,433,2022
SSC11907,0,108,108,220,11,231,186,0,186,176,3,179,130,0,130,77,0,77,789,122,911
SSC11908,0,13,13,29,3,32,6,0,6,10,0,10,10,0,10,3,0,3,58,16,74
SSC11909,0,322,322,649,29,678,735,6,741,1181,5,1186,608,0,608,371,0,371,3544,362,3906
SSC11910,0,58,58,99,0,99,21,0,21,27,0,27,8,0,8,3,0,3,158,58,216
SSC11911,0,165,165,195,19,214,112,0,112,77,0,77,32,0,32,13,0,13,429,184,613
SSC11912,0,13,13,43,0,43,11,0,11,16,0,16,8,0,8,3,0,3,81,13,94
SSC11913,0,183,183,392,23,415,273,3,276,343,0,343,155,0,155,80,0,80,1243,209,1452
SSC11914,0,0,0,0,0,0,0,0,0,0,0,0,0,0,0,0,0,0,0,0,0
SSC11915,0,53,53,79,7,86,28,0,28,17,0,17,3,0,3,3,0,3,130,60,190
SSC11916,0,930,930,1046,100,1146,871,15,886,899,6,905,687,9,696,664,5,669,4167,1065,5232
SSC11917,0,6,6,5,0,5,3,0,3,8,0,8,3,0,3,12,0,12,31,6,37
SSC11918,0,212,212,330,25,355,246,4,250,311,0,311,158,0,158,43,0,43,1088,241,1329
SSC11919,0,10,10,37,3,40,22,0,22,15,0,15,10,0,10,5,0,5,89,13,102
SSC11920,0,33,33,40,3,43,18,0,18,8,0,8,3,0,3,6,0,6,75,36,111
SSC11921,0,407,407,960,33,993,639,7,646,845,0,845,349,3,352,122,3,125,2915,453,3368
SSC11922,0,19,19,38,0,38,14,0,14,15,0,15,6,0,6,3,0,3,76,19,95
SSC11923,0,1516,1516,1846,430,2276,577,154,731,316,59,375,71,17,88,22,7,29,2832,2183,5015
SSC11924,0,24,24,28,0,28,10,0,10,4,0,4,4,0,4,0,0,0,46,24,70
SSC11925,0,1012,1012,1968,118,2086,1655,29,1684,1951,8,1959,876,0,876,469,0,469,6919,1167,8086
SSC11926,0,28,28,31,0,31,11,0,11,12,0,12,7,0,7,3,0,3,64,28,92
SSC11927,0,24,24,66,0,66,11,0,11,15,0,15,11,0,11,6,0,6,109,24,133
SSC11928,0,1021,1021,686,91,777,318,9,327,220,0,220,88,3,91,40,0,40,1352,1124,2476
SSC11929,0,739,739,484,58,542,203,8,211,151,3,154,48,0,48,24,0,24,910,808,1718
SSC11930,0,289,289,328,29,357,203,6,209,178,3,181,87,0,87,32,0,32,828,327,1155
SSC11931,0,265,265,306,47,353,175,13,188,189,3,192,61,3,64,20,0,20,751,331,1082
SSC11932,0,435,435,523,110,633,173,23,196,133,6,139,27,0,27,12,0,12,868,574,1442
SSC11933,0,44,44,91,3,94,32,0,32,21,0,21,7,0,7,11,0,11,162,47,209
SSC11934,0,400,400,491,32,523,193,4,197,162,3,165,69,0,69,32,0,32,947,439,1386
SSC11935,0,26,26,97,3,100,36,0,36,37,0,37,29,0,29,13,0,13,212,29,241
SSC11936,0,228,228,525,25,550,357,3,360,441,0,441,186,0,186,105,0,105,1614,256,1870
SSC11937,0,53,53,121,11,132,54,0,54,54,0,54,38,0,38,22,0,22,289,64,353
SSC11938,0,34,34,115,3,118,24,0,24,29,0,29,17,0,17,15,0,15,200,37,237
SSC11939,0,41,41,81,7,88,27,3,30,25,3,28,16,0,16,6,0,6,155,54,209
SSC11940,0,22,22,36,3,39,22,0,22,17,0,17,8,0,8,4,0,4,87,25,112
SSC11941,0,45,45,95,9,104,50,0,50,61,0,61,25,0,25,13,0,13,244,54,298
SSC11942,0,297,297,215,19,234,85,5,90,51,0,51,17,0,17,5,0,5,373,321,694
SSC11943,0,49,49,60,0,60,25,0,25,28,0,28,22,0,22,7,0,7,142,49,191
SSC11944,0,3251,3251,3217,830,4047,1555,290,1845,1259,89,1348,384,32,416,113,9,122,6528,4501,11029
SSC11945,0,130,130,343,17,360,163,8,171,155,0,155,48,0,48,21,0,21,730,155,885
SSC11946,0,30,30,35,0,35,6,0,6,21,0,21,8,0,8,4,0,4,74,30,104
SSC11947,0,25,25,32,3,35,20,0,20,9,0,9,8,0,8,9,0,9,78,28,106
SSC11948,0,159,159,295,9,304,109,0,109,101,0,101,44,0,44,13,0,13,562,168,730
SSC11949,0,0,0,0,0,0,0,0,0,0,0,0,0,0,0,0,0,0,0,0,0
SSC11950,0,79,79,53,6,59,25,0,25,19,0,19,8,0,8,8,0,8,113,85,198
SSC11951,0,48,48,137,6,143,81,0,81,91,0,91,39,0,39,10,0,10,358,54,412
SSC11952,0,1149,1149,1442,108,1550,750,14,764,644,0,644,356,0,356,184,0,184,3376,1271,4647
SSC11953,0,33,33,84,3,87,50,0,50,57,0,57,32,0,32,27,0,27,250,36,286
SSC11954,0,40,40,68,3,71,22,0,22,22,0,22,9,0,9,0,0,0,121,43,164
SSC11955,0,58,58,76,8,84,21,0,21,20,0,20,16,0,16,3,0,3,136,66,202
SSC11956,0,40,40,49,3,52,18,0,18,8,0,8,3,0,3,3,0,3,81,43,124
SSC11957,0,15,15,62,3,65,16,0,16,14,0,14,16,0,16,4,0,4,112,18,130
SSC11958,0,9,9,15,0,15,3,0,3,7,0,7,3,0,3,3,0,3,31,9,40
SSC11959,0,2200,2200,1469,525,1994,473,234,707,241,90,331,65,30,95,28,12,40,2276,3091,5367
SSC11960,0,382,382,410,22,432,196,0,196,199,0,199,98,0,98,33,0,33,936,404,1340
SSC11961,0,14,14,51,0,51,15,3,18,29,0,29,15,0,15,5,0,5,115,17,132
SSC11962,0,292,292,310,38,348,260,6,266,275,3,278,145,3,148,92,0,92,1082,342,1424
SSC11963,0,37,37,47,5,52,36,0,36,42,0,42,20,0,20,11,0,11,156,42,198
SSC11964,0,50,50,81,9,90,39,0,39,32,0,32,20,0,20,4,0,4,176,59,235
SSC11965,0,18,18,29,5,34,11,0,11,13,0,13,4,0,4,3,0,3,60,23,83
SSC11966,0,991,991,1163,81,1244,752,19,771,804,6,810,322,3,325,224,3,227,3265,1103,4368
SSC11967,0,85,85,105,4,109,87,0,87,108,0,108,50,0,50,12,0,12,362,89,451
SSC11968,0,483,483,744,130,874,409,80,489,216,40,256,50,8,58,11,0,11,1430,741,2171
SSC11969,0,833,833,586,74,660,262,13,275,193,0,193,77,0,77,35,0,35,1153,920,2073
SSC11970,0,30,30,135,4,139,43,0,43,44,0,44,18,0,18,10,0,10,250,34,284
SSC11971,0,13,13,26,4,30,15,0,15,9,0,9,4,0,4,4,0,4,58,17,75
SSC11972,0,15,15,34,3,37,12,0,12,18,0,18,3,0,3,0,0,0,67,18,85
SSC11973,0,20,20,44,0,44,10,0,10,10,0,10,4,0,4,4,0,4,72,20,92
SSC11974,0,433,433,624,46,670,375,7,382,347,0,347,162,0,162,124,0,124,1632,486,2118
SSC11975,0,11,11,18,0,18,4,0,4,9,0,9,3,0,3,0,0,0,34,11,45
SSC11976,0,117,117,240,8,248,174,0,174,243,0,243,127,0,127,43,0,43,827,125,952
SSC11977,0,1167,1167,923,95,1018,639,17,656,532,10,542,255,5,260,145,0,145,2494,1294,3788
SSC11978,0,128,128,253,11,264,95,3,98,93,0,93,47,0,47,28,0,28,516,142,658
SSC11979,0,23,23,107,0,107,41,0,41,54,0,54,40,0,40,18,0,18,260,23,283
SSC11980,0,11,11,13,0,13,4,0,4,5,0,5,3,0,3,3,0,3,28,11,39
SSC11981,0,27,27,46,3,49,14,0,14,22,0,22,11,0,11,4,0,4,97,30,127
SSC11982,0,21,21,37,4,41,4,0,4,20,0,20,7,0,7,6,0,6,74,25,99
SSC11983,0,962,962,1230,212,1442,900,85,985,714,53,767,290,21,311,203,18,221,3337,1351,4688
SSC11984,0,31,31,31,3,34,10,0,10,6,0,6,7,0,7,0,0,0,54,34,88
SSC11985,0,22,22,28,0,28,12,0,12,18,0,18,11,0,11,3,0,3,72,22,94
SSC11986,0,26,26,43,0,43,7,0,7,17,0,17,6,0,6,5,0,5,78,26,104
SSC11987,0,97,97,135,7,142,79,0,79,111,0,111,30,0,30,7,0,7,362,104,466
SSC11988,0,0,0,0,0,0,3,0,3,3,0,3,0,0,0,0,0,0,6,0,6
SSC11989,0,498,498,896,65,961,680,8,688,846,0,846,462,3,465,347,0,347,3231,574,3805
SSC11990,0,85,85,162,9,171,104,0,104,73,0,73,50,0,50,25,0,25,414,94,508
SSC11991,0,1057,1057,1208,183,1391,510,25,535,468,3,471,199,0,199,45,3,48,2430,1271,3701
SSC11992,0,61,61,69,9,78,23,0,23,30,0,30,8,0,8,4,0,4,134,70,204
SSC11993,0,28,28,34,0,34,14,0,14,3,0,3,0,0,0,0,0,0,51,28,79
SSC11994,0,587,587,866,164,1030,555,31,586,456,17,473,180,6,186,84,5,89,2141,810,2951
SSC11995,0,12,12,25,3,28,8,0,8,14,0,14,4,0,4,0,0,0,51,15,66
SSC11996,0,24,24,41,5,46,13,0,13,6,0,6,7,0,7,3,0,3,70,29,99
SSC11997,0,255,255,185,20,205,147,6,153,118,8,126,49,0,49,35,0,35,534,289,823
SSC11998,0,768,768,894,46,940,610,5,615,733,6,739,343,3,346,238,0,238,2818,828,3646
SSC11999,0,389,389,540,28,568,452,10,462,470,0,470,263,0,263,196,0,196,1921,427,2348
SSC12000,0,505,505,799,40,839,519,18,537,626,5,631,357,0,357,111,0,111,2412,568,2980
SSC12001,0,60,60,135,4,139,88,0,88,132,0,132,65,0,65,17,0,17,437,64,501
SSC12002,0,16,16,50,3,53,16,0,16,14,0,14,12,0,12,10,0,10,102,19,121
SSC12003,0,16,16,36,0,36,13,0,13,8,0,8,5,0,5,6,0,6,68,16,84
SSC12004,0,82,82,168,8,176,103,0,103,141,0,141,95,0,95,73,0,73,580,90,670
SSC12005,0,33,33,77,0,77,28,0,28,25,0,25,7,0,7,0,0,0,137,33,170
SSC12006,0,13,13,37,0,37,14,0,14,20,0,20,6,0,6,3,0,3,80,13,93
SSC12007,0,25,25,27,3,30,12,0,12,15,0,15,6,0,6,3,0,3,63,28,91
SSC12008,0,9,9,31,3,34,22,0,22,14,0,14,7,0,7,4,0,4,78,12,90
SSC12009,0,16,16,28,3,31,12,0,12,6,0,6,4,0,4,4,0,4,54,19,73
SSC12010,0,236,236,438,20,458,322,9,331,629,4,633,327,0,327,123,0,123,1839,269,2108
SSC12011,0,30,30,24,6,30,18,0,18,7,0,7,5,0,5,5,0,5,59,36,95
SSC12012,0,4,4,0,0,0,0,0,0,0,0,0,0,0,0,0,0,0,0,4,4
SSC12013,0,16,16,60,0,60,32,0,32,64,0,64,39,3,42,17,0,17,212,19,231
SSC12014,0,881,881,1126,181,1307,504,61,565,390,7,397,93,3,96,24,0,24,2137,1133,3270
SSC12015,0,7,7,67,0,67,24,0,24,21,0,21,10,0,10,3,0,3,125,7,132
SSC12016,0,301,301,598,24,622,349,5,354,356,0,356,141,0,141,88,0,88,1532,330,1862
SSC12017,0,704,704,310,81,391,67,17,84,22,4,26,4,0,4,0,0,0,403,806,1209
SSC12018,0,448,448,512,50,562,267,11,278,337,3,340,119,0,119,39,0,39,1274,512,1786
SSC12019,0,125,125,170,11,181,79,3,82,119,0,119,36,0,36,11,0,11,415,139,554
SSC12020,0,858,858,1155,75,1230,625,9,634,585,3,588,246,0,246,141,0,141,2752,945,3697
SSC12021,0,19,19,19,0,19,10,0,10,13,0,13,6,0,6,3,0,3,51,19,70
SSC12022,0,426,426,530,48,578,378,13,391,441,4,445,169,0,169,70,0,70,1588,491,2079
SSC12023,0,2055,2055,2171,268,2439,1319,57,1376,1342,29,1371,547,8,555,199,6,205,5578,2423,8001
SSC12024,0,19,19,40,0,40,8,0,8,10,0,10,5,0,5,5,0,5,68,19,87
SSC12025,0,5,5,13,0,13,3,0,3,5,0,5,4,0,4,3,0,3,28,5,33
SSC12026,0,115,115,138,9,147,47,0,47,33,0,33,18,0,18,5,0,5,241,124,365
SSC12027,0,17,17,30,3,33,15,0,15,18,0,18,4,0,4,0,0,0,67,20,87
SSC12028,0,11,11,36,0,36,13,0,13,14,0,14,6,0,6,8,0,8,77,11,88
SSC12029,0,228,228,216,15,231,153,5,158,136,0,136,93,0,93,113,0,113,711,248,959
SSC12030,0,38,38,153,6,159,44,0,44,37,0,37,14,0,14,3,0,3,251,44,295
SSC12031,0,588,588,778,39,817,224,3,227,196,0,196,104,0,104,32,0,32,1334,630,1964
SSC12032,0,11,11,43,0,43,9,0,9,9,0,9,0,0,0,3,0,3,64,11,75
SSC12033,0,59,59,137,3,140,59,0,59,68,0,68,29,0,29,14,0,14,307,62,369
SSC12034,0,14,14,50,3,53,15,0,15,19,0,19,9,0,9,7,0,7,100,17,117
SSC12035,0,303,303,403,52,455,265,3,268,238,0,238,127,0,127,80,0,80,1113,358,1471
SSC12036,0,35,35,84,3,87,33,0,33,36,0,36,16,0,16,12,0,12,181,38,219
SSC12037,0,793,793,1008,66,1074,347,4,351,280,0,280,119,0,119,68,0,68,1822,863,2685
SSC12038,0,26,26,23,5,28,10,0,10,4,0,4,3,0,3,3,3,6,43,34,77
SSC12039,0,109,109,130,13,143,61,0,61,51,0,51,24,0,24,10,0,10,276,122,398
SSC12040,0,142,142,271,18,289,129,0,129,122,0,122,50,0,50,29,0,29,601,160,761
SSC12041,0,19,19,39,0,39,11,0,11,6,0,6,3,0,3,4,0,4,63,19,82
SSC12042,0,31,31,53,6,59,13,0,13,20,3,23,11,0,11,8,0,8,105,40,145
SSC12043,0,22,22,51,3,54,32,0,32,55,0,55,17,0,17,7,0,7,162,25,187
SSC12044,0,1098,1098,1127,91,1218,576,4,580,567,4,571,229,0,229,91,0,91,2590,1197,3787
SSC12045,0,146,146,231,9,240,103,0,103,106,0,106,29,0,29,16,0,16,485,155,640
SSC12046,0,274,274,460,19,479,215,0,215,254,0,254,96,0,96,35,0,35,1060,293,1353
SSC12047,0,3,3,7,0,7,0,0,0,0,0,0,0,0,0,0,0,0,7,3,10
SSC12048,0,5,5,43,3,46,22,0,22,33,3,36,10,0,10,12,0,12,120,11,131
SSC12049,0,498,498,500,38,538,181,5,186,154,0,154,74,0,74,27,0,27,936,541,1477
SSC12050,0,39,39,58,3,61,24,0,24,32,0,32,11,0,11,8,0,8,133,42,175
SSC12051,0,25,25,24,0,24,14,0,14,18,0,18,12,0,12,6,0,6,74,25,99
SSC12052,0,243,243,338,29,367,235,5,240,227,0,227,121,0,121,74,0,74,995,277,1272
SSC12053,0,603,603,635,68,703,297,8,305,292,0,292,150,0,150,44,0,44,1418,679,2097
SSC12054,0,47,47,72,3,75,36,0,36,68,0,68,20,0,20,6,0,6,202,50,252
SSC12055,0,112,112,125,8,133,40,0,40,33,0,33,11,0,11,5,0,5,214,120,334
SSC12056,0,279,279,576,25,601,322,5,327,592,7,599,258,0,258,60,0,60,1808,316,2124
SSC12057,0,20,20,92,3,95,50,0,50,68,0,68,50,0,50,18,0,18,278,23,301
SSC12058,0,11,11,28,4,32,25,0,25,20,0,20,9,0,9,5,0,5,87,15,102
SSC12059,0,28,28,53,0,53,14,0,14,15,0,15,9,0,9,13,0,13,104,28,132
SSC12060,0,26,26,48,0,48,28,0,28,33,0,33,23,0,23,0,0,0,132,26,158
SSC12061,0,9,9,22,0,22,9,0,9,13,0,13,4,0,4,8,0,8,56,9,65
SSC12062,0,340,340,372,22,394,269,3,272,308,3,311,183,0,183,146,0,146,1278,368,1646
SSC12063,0,27,27,41,6,47,16,0,16,16,0,16,10,0,10,0,0,0,83,33,116
SSC12064,0,1339,1339,1746,120,1866,1220,22,1242,1211,9,1220,506,5,511,288,4,292,4971,1499,6470
SSC12065,0,8,8,30,0,30,11,0,11,15,0,15,8,0,8,3,0,3,67,8,75
SSC12066,0,151,151,247,18,265,206,0,206,155,0,155,120,0,120,117,0,117,845,169,1014
SSC12067,0,20,20,35,0,35,14,3,17,22,0,22,13,0,13,14,0,14,98,23,121
SSC12068,0,13,13,31,4,35,22,0,22,11,0,11,8,0,8,0,0,0,72,17,89
SSC12069,0,17,17,33,3,36,10,0,10,5,0,5,5,0,5,3,0,3,56,20,76
SSC12070,0,89,89,366,5,371,199,0,199,334,0,334,149,4,153,69,0,69,1117,98,1215
SSC12071,0,252,252,412,22,434,189,0,189,203,4,207,101,0,101,37,0,37,942,278,1220
SSC12072,0,4,4,4,0,4,0,0,0,0,0,0,0,0,0,0,0,0,4,4,8
SSC12073,0,113,113,171,14,185,74,0,74,53,0,53,37,0,37,9,0,9,344,127,471
SSC12074,0,13,13,37,6,43,20,0,20,8,0,8,6,0,6,3,0,3,74,19,93
SSC12075,0,311,311,236,21,257,70,3,73,61,0,61,19,0,19,12,0,12,398,335,733
SSC12076,0,482,482,551,31,582,124,4,128,110,0,110,46,0,46,18,0,18,849,517,1366
SSC12077,0,435,435,474,53,527,233,15,248,172,12,184,60,6,66,38,3,41,977,524,1501
SSC12078,0,90,90,256,4,260,180,0,180,254,0,254,159,0,159,70,0,70,919,94,1013
SSC12079,0,120,120,159,28,187,107,7,114,83,4,87,52,0,52,44,0,44,445,159,604
SSC12080,0,21,21,44,3,47,7,0,7,9,0,9,12,0,12,0,0,0,72,24,96
SSC12081,0,632,632,603,59,662,333,8,341,279,3,282,132,0,132,57,0,57,1404,702,2106
SSC12082,0,361,361,480,36,516,257,8,265,285,3,288,123,0,123,60,0,60,1205,408,1613
SSC12083,0,91,91,155,10,165,61,3,64,80,0,80,30,0,30,11,0,11,337,104,441
SSC12084,0,12,12,24,9,33,11,3,14,15,0,15,7,0,7,3,0,3,60,24,84
SSC12085,0,0,0,0,3,3,0,0,0,3,0,3,0,0,0,0,0,0,3,3,6
SSC12086,0,775,775,904,62,966,554,6,560,559,4,563,377,0,377,291,0,291,2685,847,3532
SSC12087,0,23,23,35,4,39,18,3,21,14,0,14,3,0,3,9,0,9,79,30,109
SSC12088,0,103,103,144,9,153,70,0,70,51,0,51,22,0,22,15,0,15,302,112,414
SSC12089,0,64,64,86,6,92,34,0,34,35,0,35,9,0,9,10,0,10,174,70,244
SSC12090,0,164,164,242,15,257,63,3,66,55,0,55,16,0,16,8,0,8,384,182,566
SSC12091,0,53,53,108,4,112,42,0,42,68,0,68,32,0,32,12,0,12,262,57,319
SSC12092,0,44,44,79,6,85,27,0,27,27,0,27,16,0,16,11,0,11,160,50,210
SSC12093,0,315,315,159,27,186,67,8,75,43,0,43,18,0,18,7,0,7,294,350,644
SSC12094,0,13,13,17,3,20,10,0,10,8,0,8,5,0,5,8,0,8,48,16,64
SSC12095,0,220,220,217,35,252,112,3,115,86,3,89,33,0,33,16,3,19,464,264,728
SSC12096,0,71,71,113,7,120,37,0,37,69,0,69,30,0,30,12,0,12,261,78,339
SSC12097,0,677,677,471,38,509,262,15,277,319,3,322,120,3,123,39,0,39,1211,736,1947
SSC12098,0,37,37,33,5,38,12,0,12,18,0,18,4,0,4,4,0,4,71,42,113
SSC12099,0,77,77,78,14,92,43,6,49,45,0,45,14,0,14,11,0,11,191,97,288
SSC12100,0,727,727,801,67,868,320,6,326,306,0,306,135,0,135,91,0,91,1653,800,2453
SSC12101,0,366,366,286,18,304,189,0,189,209,0,209,143,0,143,213,0,213,1040,384,1424
SSC12102,0,67,67,97,4,101,50,0,50,33,0,33,22,0,22,12,0,12,214,71,285
SSC12103,0,34,34,84,9,93,44,0,44,33,0,33,16,0,16,11,0,11,188,43,231
SSC12104,0,36,36,30,0,30,23,0,23,15,0,15,16,0,16,3,0,3,87,36,123
SSC12105,0,367,367,382,40,422,345,4,349,296,3,299,136,4,140,96,0,96,1255,418,1673
SSC12106,0,222,222,254,36,290,145,4,149,105,0,105,58,0,58,54,0,54,616,262,878
SSC12107,0,204,204,186,37,223,96,7,103,91,3,94,58,0,58,23,0,23,454,251,705
SSC12108,0,41,41,34,0,34,11,0,11,16,0,16,9,0,9,0,0,0,70,41,111
SSC12109,0,80,80,57,9,66,30,0,30,26,0,26,10,0,10,9,0,9,132,89,221
SSC12110,0,27,27,64,4,68,18,0,18,32,0,32,19,0,19,11,0,11,144,31,175
SSC12111,0,121,121,103,16,119,53,3,56,50,0,50,26,0,26,14,0,14,246,140,386
SSC12112,0,99,99,127,15,142,48,3,51,51,0,51,26,0,26,12,0,12,264,117,381
SSC12113,0,25,25,42,3,45,29,0,29,24,0,24,10,0,10,7,0,7,112,28,140
SSC12114,0,696,696,1339,81,1420,745,13,758,717,0,717,303,0,303,165,0,165,3269,790,4059
SSC12115,0,1000,1000,840,88,928,391,11,402,271,3,274,119,0,119,56,0,56,1677,1102,2779
SSC12116,0,124,124,273,12,285,148,0,148,258,0,258,113,0,113,25,0,25,817,136,953
SSC12117,0,431,431,466,27,493,347,10,357,308,0,308,179,0,179,117,0,117,1417,468,1885
SSC12118,0,587,587,776,35,811,192,3,195,140,0,140,80,0,80,30,0,30,1218,625,1843
SSC12119,0,578,578,617,52,669,419,8,427,319,3,322,140,0,140,73,0,73,1568,641,2209
SSC12120,0,0,0,8,0,8,6,0,6,0,0,0,0,0,0,3,0,3,17,0,17
SSC12121,0,18,18,15,0,15,17,0,17,11,0,11,6,0,6,0,0,0,49,18,67
SSC12122,0,320,320,455,33,488,189,4,193,181,0,181,73,0,73,26,4,30,924,361,1285
SSC12123,0,14,14,47,3,50,15,0,15,19,0,19,17,0,17,4,0,4,102,17,119
SSC12124,0,89,89,50,3,53,19,0,19,18,0,18,9,0,9,6,0,6,102,92,194
SSC12125,0,18,18,43,5,48,21,0,21,16,0,16,16,0,16,5,0,5,101,23,124
SSC12126,0,10,10,33,0,33,10,0,10,19,0,19,14,0,14,4,0,4,80,10,90
SSC12127,0,58,58,158,18,176,77,4,81,68,0,68,30,0,30,9,0,9,342,80,422
SSC12128,0,26,26,71,3,74,20,0,20,19,0,19,11,0,11,4,0,4,125,29,154
SSC12129,0,12,12,47,5,52,12,0,12,20,0,20,12,0,12,10,0,10,101,17,118
SSC12130,0,21,21,29,0,29,16,0,16,17,0,17,6,0,6,4,0,4,72,21,93
SSC12131,0,46,46,56,8,64,19,0,19,17,0,17,14,0,14,0,0,0,106,54,160
SSC12132,0,18,18,40,0,40,8,0,8,25,0,25,5,0,5,3,0,3,81,18,99
SSC12133,0,192,192,217,19,236,125,3,128,96,0,96,36,3,39,23,0,23,497,217,714
SSC12134,0,290,290,384,24,408,261,3,264,267,3,270,124,0,124,51,0,51,1087,320,1407
SSC12135,0,8,8,28,4,32,11,0,11,21,0,21,13,0,13,0,0,0,73,12,85
SSC12136,0,15,15,24,0,24,9,0,9,5,0,5,12,3,15,5,0,5,55,18,73
SSC12137,0,20,20,101,0,101,67,0,67,126,0,126,79,0,79,48,0,48,421,20,441
SSC12138,0,842,842,995,66,1061,448,11,459,458,0,458,215,0,215,94,3,97,2210,922,3132
SSC12139,0,41,41,43,3,46,9,0,9,14,0,14,7,0,7,0,0,0,73,44,117
SSC12140,0,240,240,456,31,487,362,0,362,383,0,383,197,3,200,114,0,114,1512,274,1786
SSC12141,0,656,656,1550,80,1630,1315,10,1325,1435,0,1435,653,3,656,386,0,386,5339,749,6088
SSC12142,0,16,16,36,0,36,17,0,17,16,0,16,5,0,5,4,0,4,78,16,94
SSC12143,0,226,226,371,14,385,124,0,124,131,0,131,67,0,67,24,0,24,717,240,957
SSC12144,0,296,296,489,37,526,382,9,391,437,3,440,191,0,191,145,0,145,1644,345,1989
SSC12145,0,94,94,191,6,197,57,0,57,42,0,42,21,0,21,7,0,7,318,100,418
SSC12146,0,800,800,1625,39,1664,872,5,877,1174,0,1174,493,0,493,191,0,191,4355,844,5199
SSC12147,0,91,91,296,4,300,163,0,163,264,0,264,113,0,113,33,0,33,869,95,964
SSC12148,0,167,167,384,16,400,324,0,324,366,4,370,242,0,242,171,0,171,1487,187,1674
SSC12149,0,750,750,753,128,881,245,42,287,127,11,138,22,0,22,3,3,6,1150,934,2084
SSC12150,0,1245,1245,1081,142,1223,636,18,654,531,4,535,273,0,273,173,0,173,2694,1409,4103
SSC12151,0,303,303,372,121,493,157,38,195,106,12,118,33,5,38,8,4,12,676,483,1159
SSC12152,0,26,26,42,3,45,30,0,30,25,0,25,12,0,12,5,0,5,114,29,143
SSC12153,0,51,51,73,5,78,40,0,40,30,0,30,9,0,9,9,0,9,161,56,217
SSC12154,0,342,342,521,24,545,483,8,491,642,3,645,244,0,244,128,0,128,2018,377,2395
SSC12155,0,896,896,917,220,1137,428,115,543,319,41,360,100,7,107,47,0,47,1811,1279,3090
SSC12156,0,70,70,118,14,132,65,3,68,105,0,105,46,0,46,19,0,19,353,87,440
SSC12157,0,23,23,42,3,45,25,0,25,36,0,36,20,0,20,3,0,3,126,26,152
SSC12158,0,46,46,67,3,70,31,0,31,17,0,17,6,0,6,10,0,10,131,49,180
SSC12159,0,442,442,483,48,531,245,4,249,167,0,167,74,0,74,25,0,25,994,494,1488
SSC12160,0,43,43,80,14,94,28,3,31,25,0,25,17,0,17,12,0,12,162,60,222
SSC12161,0,8,8,32,0,32,9,0,9,9,0,9,11,0,11,3,0,3,64,8,72
SSC12162,0,36,36,21,3,24,12,0,12,11,0,11,5,0,5,0,0,0,49,39,88
SSC12163,0,5,5,35,3,38,8,0,8,17,0,17,8,0,8,3,0,3,71,8,79
SSC12164,0,1404,1404,1802,241,2043,1366,157,1523,1310,118,1428,638,47,685,374,22,396,5490,1989,7479
SSC12165,0,199,199,272,27,299,202,4,206,232,0,232,100,0,100,40,0,40,846,230,1076
SSC12166,0,95,95,129,9,138,47,0,47,52,0,52,24,0,24,19,0,19,271,104,375
SSC12167,0,29,29,30,0,30,23,0,23,14,0,14,8,0,8,0,0,0,75,29,104
SSC12168,0,53,53,76,3,79,26,0,26,24,0,24,11,0,11,4,0,4,141,56,197
SSC12169,0,101,101,126,14,140,32,3,35,22,0,22,3,0,3,9,0,9,192,118,310
SSC12170,0,30,30,26,3,29,15,0,15,10,0,10,9,0,9,0,0,0,60,33,93
SSC12171,0,17,17,38,0,38,15,0,15,11,0,11,13,0,13,6,0,6,83,17,100
SSC12172,0,304,304,362,82,444,215,25,240,165,14,179,55,5,60,19,0,19,816,430,1246
SSC12173,0,908,908,784,170,954,392,32,424,316,11,327,65,4,69,33,0,33,1590,1125,2715
SSC12174,0,22,22,62,0,62,28,0,28,29,0,29,24,0,24,6,0,6,149,22,171
SSC12175,0,222,222,331,14,345,112,3,115,136,0,136,54,0,54,24,0,24,657,239,896
SSC12176,0,23,23,37,8,45,10,0,10,15,0,15,7,0,7,3,0,3,72,31,103
SSC12177,0,52,52,58,0,58,20,0,20,13,0,13,10,0,10,4,0,4,105,52,157
SSC12178,0,35,35,61,6,67,27,0,27,22,0,22,13,0,13,0,0,0,123,41,164
SSC12179,0,121,121,217,7,224,67,0,67,53,0,53,19,0,19,18,0,18,374,128,502
SSC12180,0,216,216,312,15,327,111,0,111,64,0,64,35,0,35,13,0,13,535,231,766
SSC12181,0,137,137,212,10,222,62,0,62,52,0,52,35,0,35,18,0,18,379,147,526
SSC12182,0,2970,2970,2133,703,2836,470,217,687,220,100,320,65,26,91,32,18,50,2920,4034,6954
SSC12183,0,528,528,730,39,769,145,0,145,117,0,117,40,0,40,16,0,16,1048,567,1615
SSC12184,0,1539,1539,1390,181,1571,607,13,620,410,0,410,124,0,124,47,0,47,2578,1733,4311
SSC12185,0,127,127,158,6,164,70,0,70,103,0,103,42,0,42,30,0,30,403,133,536
SSC12186,0,48,48,76,3,79,28,0,28,28,0,28,17,0,17,6,0,6,155,51,206
SSC12187,0,18,18,55,3,58,27,0,27,22,0,22,7,0,7,7,0,7,118,21,139
SSC12188,0,10,10,28,3,31,15,0,15,26,0,26,10,0,10,0,0,0,79,13,92
SSC12189,0,730,730,688,49,737,265,3,268,196,0,196,88,0,88,37,0,37,1274,782,2056
SSC12190,0,43,43,76,0,76,37,0,37,53,0,53,19,0,19,4,0,4,189,43,232
SSC12191,0,99,99,119,31,150,64,6,70,25,6,31,18,3,21,14,3,17,240,148,388
SSC12192,0,1937,1937,1540,455,1995,486,205,691,347,220,567,75,38,113,34,18,52,2482,2873,5355
SSC12193,0,0,0,0,0,0,0,0,0,0,0,0,0,0,0,0,0,0,0,0,0
SSC12194,0,846,846,1178,43,1221,556,5,561,590,3,593,248,0,248,90,0,90,2662,897,3559
SSC12195,0,177,177,328,17,345,190,3,193,213,0,213,100,0,100,44,0,44,875,197,1072
SSC12196,0,31,31,115,0,115,58,0,58,103,0,103,50,0,50,18,0,18,344,31,375
SSC12197,0,77,77,73,0,73,39,0,39,29,0,29,18,0,18,7,0,7,166,77,243
SSC12198,0,20,20,73,5,78,47,0,47,51,0,51,26,0,26,10,0,10,207,25,232
SSC12199,0,13,13,28,0,28,12,0,12,18,0,18,10,0,10,4,0,4,72,13,85
SSC12200,0,358,358,495,34,529,267,5,272,264,0,264,123,0,123,74,0,74,1223,397,1620
SSC12201,0,30,30,46,3,49,6,0,6,3,0,3,3,0,3,0,0,0,58,33,91
SSC12202,0,15,15,49,5,54,13,0,13,14,0,14,10,0,10,9,0,9,95,20,115
SSC12203,0,20,20,49,3,52,11,0,11,16,0,16,9,0,9,8,0,8,93,23,116
SSC12204,0,46,46,94,11,105,35,0,35,23,0,23,23,0,23,13,0,13,188,57,245
SSC12205,0,27,27,111,7,118,24,0,24,29,0,29,6,0,6,3,0,3,173,34,207
SSC12206,0,117,117,177,65,242,70,15,85,44,6,50,20,0,20,6,0,6,317,203,520
SSC12207,0,51,51,63,5,68,28,0,28,26,0,26,12,0,12,10,0,10,139,56,195
SSC12208,0,6,6,6,0,6,0,0,0,0,0,0,0,0,0,0,0,0,6,6,12
SSC12209,0,39,39,17,0,17,6,0,6,3,0,3,3,0,3,3,0,3,32,39,71
SSC12210,0,314,314,410,25,435,159,4,163,129,0,129,72,0,72,36,0,36,806,343,1149
SSC12211,0,44,44,52,4,56,18,0,18,23,0,23,6,0,6,5,0,5,104,48,152
SSC12212,0,9,9,19,0,19,7,0,7,8,0,8,4,0,4,0,0,0,38,9,47
SSC12213,0,19,19,27,0,27,8,3,11,11,0,11,14,0,14,0,0,0,60,22,82
SSC12214,0,25,25,93,0,93,31,0,31,35,0,35,11,0,11,11,0,11,181,25,206
SSC12215,0,36,36,50,0,50,22,0,22,13,0,13,9,0,9,6,0,6,100,36,136
SSC12216,0,34,34,33,0,33,8,0,8,15,0,15,11,0,11,0,0,0,67,34,101
SSC12217,0,24,24,22,4,26,11,0,11,13,0,13,3,0,3,3,0,3,52,28,80
SSC12218,0,75,75,94,6,100,37,0,37,26,0,26,12,0,12,9,0,9,178,81,259
SSC12219,0,2117,2117,2148,177,2325,755,18,773,632,3,635,325,0,325,189,0,189,4049,2315,6364
SSC12220,0,23,23,45,6,51,14,0,14,17,0,17,6,0,6,4,0,4,86,29,115
SSC12221,0,183,183,263,7,270,85,3,88,83,0,83,26,0,26,12,0,12,469,193,662
SSC12222,0,19,19,32,4,36,19,0,19,8,0,8,7,0,7,3,0,3,69,23,92
SSC12223,0,232,232,241,4,245,92,0,92,119,0,119,64,0,64,18,0,18,534,236,770
SSC12224,0,171,171,221,16,237,102,0,102,74,0,74,34,0,34,26,0,26,457,187,644
SSC12225,0,129,129,210,10,220,86,0,86,93,3,96,34,0,34,18,0,18,441,142,583
SSC12226,0,15,15,26,0,26,10,0,10,8,0,8,3,0,3,3,0,3,50,15,65
SSC12227,0,207,207,226,21,247,76,3,79,61,0,61,28,0,28,7,0,7,398,231,629
SSC12228,0,108,108,201,8,209,98,3,101,147,0,147,73,3,76,28,0,28,547,122,669
SSC12229,0,46,46,57,5,62,17,0,17,17,0,17,4,0,4,0,0,0,95,51,146
SSC12230,0,13,13,18,0,18,4,0,4,0,0,0,3,0,3,0,0,0,25,13,38
SSC12231,0,259,259,574,15,589,79,0,79,68,0,68,42,0,42,18,0,18,781,274,1055
SSC12232,0,270,270,278,27,305,141,0,141,113,0,113,43,0,43,19,0,19,594,297,891
SSC12233,0,36,36,76,11,87,30,0,30,40,0,40,17,0,17,6,0,6,169,47,216
SSC12234,0,684,684,553,48,601,328,8,336,299,7,306,111,0,111,41,0,41,1332,747,2079
SSC12235,0,35,35,50,3,53,23,0,23,20,0,20,6,0,6,5,0,5,104,38,142
SSC12236,0,596,596,625,38,663,209,0,209,181,0,181,94,0,94,58,0,58,1167,634,1801
SSC12237,0,248,248,338,65,403,200,18,218,182,0,182,62,0,62,42,0,42,824,331,1155
SSC12238,0,248,248,385,14,399,182,4,186,153,0,153,84,0,84,38,0,38,842,266,1108
SSC12239,0,13,13,45,4,49,21,0,21,26,0,26,19,0,19,6,0,6,117,17,134
SSC12240,0,71,71,104,10,114,67,0,67,81,0,81,35,0,35,16,0,16,303,81,384
SSC12241,0,541,541,580,22,602,191,4,195,151,0,151,75,0,75,46,0,46,1043,567,1610
SSC12242,0,170,170,181,14,195,78,0,78,81,0,81,26,0,26,19,0,19,385,184,569
SSC12243,0,25,25,26,8,34,11,0,11,13,0,13,7,0,7,3,0,3,60,33,93
SSC12244,0,33,33,29,3,32,14,0,14,13,0,13,0,0,0,4,0,4,60,36,96
SSC12245,0,20,20,42,3,45,16,0,16,16,0,16,4,0,4,0,0,0,78,23,101
SSC12246,0,10,10,31,0,31,10,0,10,11,0,11,12,0,12,3,0,3,67,10,77
SSC12247,0,94,94,274,14,288,157,4,161,189,0,189,100,3,103,44,0,44,764,115,879
SSC12248,0,109,109,254,14,268,146,5,151,239,3,242,114,0,114,39,0,39,792,131,923
SSC12249,0,967,967,1319,105,1424,577,39,616,607,5,612,260,3,263,83,0,83,2846,1119,3965
SSC12250,0,17,17,27,0,27,10,0,10,23,0,23,4,0,4,4,0,4,68,17,85
SSC12251,0,8,8,25,0,25,11,0,11,17,0,17,3,0,3,3,0,3,59,8,67
SSC12252,0,22,22,35,0,35,11,0,11,18,0,18,4,0,4,0,0,0,68,22,90
SSC12253,0,38,38,70,4,74,35,0,35,31,0,31,34,0,34,10,0,10,180,42,222
SSC12254,0,43,43,60,8,68,27,0,27,29,0,29,9,0,9,3,0,3,128,51,179
SSC12255,0,695,695,552,66,618,190,4,194,98,3,101,47,0,47,27,3,30,914,771,1685
SSC12256,0,172,172,183,25,208,74,0,74,64,0,64,28,0,28,14,0,14,363,197,560
SSC12257,0,288,288,238,85,323,72,26,98,59,6,65,11,4,15,4,0,4,384,409,793
SSC12258,0,239,239,192,42,234,75,16,91,62,3,65,24,0,24,5,0,5,358,300,658
SSC12259,0,22,22,28,0,28,13,0,13,16,0,16,4,0,4,5,0,5,66,22,88
SSC12260,0,106,106,226,13,239,136,0,136,160,0,160,86,0,86,45,0,45,653,119,772
SSC12261,0,25,25,43,8,51,13,0,13,11,0,11,4,0,4,3,0,3,74,33,107
SSC12262,0,31,31,43,8,51,19,0,19,13,0,13,11,0,11,9,0,9,95,39,134
SSC12263,0,47,47,244,4,248,198,3,201,251,3,254,92,0,92,36,0,36,821,57,878
SSC12264,0,4,4,27,0,27,3,0,3,14,0,14,0,0,0,8,0,8,52,4,56
SSC12265,0,104,104,134,8,142,61,0,61,45,0,45,28,0,28,13,0,13,281,112,393
SSC12266,0,133,133,77,4,81,17,0,17,4,0,4,0,0,0,0,0,0,98,137,235
SSC12267,0,11,11,32,6,38,15,0,15,17,0,17,9,0,9,0,0,0,73,17,90
SSC12268,0,16,16,57,0,57,22,0,22,10,0,10,10,0,10,7,0,7,106,16,122
SSC12269,0,13,13,53,0,53,31,3,34,25,0,25,21,0,21,15,0,15,145,16,161
SSC12270,0,221,221,356,23,379,191,0,191,223,0,223,90,0,90,50,0,50,910,244,1154
SSC12271,0,464,464,607,58,665,309,4,313,360,3,363,139,0,139,70,0,70,1485,529,2014
SSC12272,0,17,17,40,3,43,21,0,21,12,0,12,7,0,7,3,0,3,83,20,103
SSC12273,0,417,417,776,34,810,474,8,482,609,0,609,263,4,267,94,0,94,2216,463,2679
SSC12274,0,313,313,765,44,809,496,4,500,603,3,606,248,0,248,91,0,91,2203,364,2567
SSC12275,0,9,9,24,0,24,10,0,10,14,0,14,7,0,7,4,0,4,59,9,68
SSC12276,0,249,249,603,49,652,367,22,389,429,10,439,166,3,169,62,0,62,1627,333,1960
SSC12277,0,44,44,28,3,31,20,0,20,6,0,6,7,0,7,3,0,3,64,47,111
SSC12278,0,206,206,197,46,243,103,9,112,61,0,61,23,0,23,13,0,13,397,261,658
SSC12279,0,21,21,60,3,63,16,0,16,23,0,23,13,0,13,0,0,0,112,24,136
SSC12280,0,108,108,129,10,139,44,0,44,48,0,48,34,0,34,41,0,41,296,118,414
SSC12281,0,94,94,201,17,218,109,0,109,170,0,170,52,0,52,22,0,22,554,111,665
SSC12282,0,90,90,153,4,157,49,0,49,63,0,63,23,0,23,12,0,12,300,94,394
SSC12283,0,33,33,89,7,96,51,4,55,37,0,37,27,0,27,5,0,5,209,44,253
SSC12284,0,22,22,55,0,55,21,0,21,13,0,13,20,0,20,8,0,8,117,22,139
SSC12285,0,308,308,430,16,446,92,0,92,83,0,83,28,0,28,15,0,15,648,324,972
SSC12286,0,388,388,433,50,483,214,7,221,174,3,177,80,3,83,41,0,41,942,451,1393
SSC12287,0,85,85,27,0,27,5,0,5,10,0,10,4,0,4,4,0,4,50,85,135
SSC12288,0,134,134,159,5,164,37,3,40,29,0,29,10,0,10,8,0,8,243,142,385
SSC12289,0,60,60,124,6,130,48,0,48,54,0,54,22,0,22,11,0,11,259,66,325
SSC12290,0,36,36,56,0,56,13,4,17,14,0,14,3,0,3,6,0,6,92,40,132
SSC12291,0,29,29,35,3,38,6,0,6,4,0,4,0,0,0,0,0,0,45,32,77
SSC12292,0,45,45,53,3,56,9,0,9,15,0,15,12,0,12,4,0,4,93,48,141
SSC12293,0,820,820,1113,97,1210,880,8,888,847,9,856,380,0,380,202,0,202,3422,934,4356
SSC12294,0,33,33,59,6,65,16,0,16,16,0,16,11,0,11,0,0,0,102,39,141
SSC12295,0,763,763,807,59,866,348,10,358,291,4,295,102,0,102,68,0,68,1616,836,2452
SSC12296,0,102,102,93,7,100,30,0,30,20,0,20,3,0,3,3,0,3,149,109,258
SSC12297,0,645,645,734,52,786,293,3,296,230,0,230,96,0,96,72,0,72,1425,700,2125
SSC12298,0,20,20,26,0,26,7,0,7,12,0,12,0,0,0,5,0,5,50,20,70
SSC12299,0,92,92,111,3,114,27,0,27,25,0,25,16,0,16,4,0,4,183,95,278
SSC12300,0,677,677,591,54,645,212,4,216,169,0,169,52,0,52,34,0,34,1058,735,1793
SSC12301,0,46,46,45,6,51,18,3,21,20,0,20,6,0,6,0,0,0,89,55,144
SSC12302,0,75,75,121,5,126,46,0,46,40,0,40,17,0,17,9,0,9,233,80,313
SSC12303,0,397,397,339,22,361,157,3,160,183,0,183,79,0,79,24,0,24,782,422,1204
SSC12304,0,29,29,56,3,59,16,0,16,12,0,12,3,0,3,6,0,6,93,32,125
SSC12305,0,155,155,159,7,166,54,0,54,45,0,45,37,0,37,27,0,27,322,162,484
SSC12306,0,22,22,64,3,67,26,3,29,34,0,34,15,0,15,8,0,8,147,28,175
SSC12307,0,282,282,298,21,319,206,0,206,165,3,168,105,0,105,143,0,143,917,306,1223
SSC12308,0,84,84,98,6,104,35,0,35,20,0,20,11,0,11,12,0,12,176,90,266
SSC12309,0,33,33,37,3,40,14,0,14,4,0,4,8,0,8,3,0,3,66,36,102
SSC12310,0,27,27,26,5,31,16,0,16,12,0,12,9,0,9,3,0,3,66,32,98
SSC12311,0,16,16,37,0,37,12,0,12,11,0,11,9,0,9,3,0,3,72,16,88
SSC12312,0,19,19,29,3,32,15,0,15,20,0,20,5,0,5,3,0,3,72,22,94
SSC12313,0,24,24,29,0,29,11,0,11,4,0,4,7,0,7,0,0,0,51,24,75
SSC12314,0,83,83,104,14,118,67,3,70,51,0,51,24,0,24,16,0,16,262,100,362
SSC12315,0,135,135,130,21,151,62,0,62,58,0,58,30,0,30,22,0,22,302,156,458
SSC12316,0,43,43,59,0,59,16,0,16,20,0,20,10,0,10,4,0,4,109,43,152
SSC12317,0,25,25,43,0,43,23,0,23,20,0,20,8,0,8,5,0,5,99,25,124
SSC12318,0,29,29,56,0,56,16,0,16,17,0,17,11,0,11,11,0,11,111,29,140
SSC12319,0,10,10,14,0,14,15,0,15,7,0,7,3,0,3,3,0,3,42,10,52
SSC12320,0,215,215,247,14,261,82,0,82,79,0,79,25,0,25,26,0,26,459,229,688
SSC12321,0,334,334,582,30,612,258,3,261,305,0,305,150,0,150,72,0,72,1367,367,1734
SSC12322,0,27,27,61,3,64,15,0,15,8,0,8,13,0,13,3,0,3,100,30,130
SSC12323,0,37,37,40,3,43,31,0,31,19,0,19,5,0,5,4,0,4,99,40,139
SSC12324,0,693,693,770,41,811,347,0,347,316,0,316,141,5,146,62,0,62,1636,739,2375
SSC12325,0,1045,1045,1083,77,1160,237,3,240,158,0,158,68,0,68,32,0,32,1578,1125,2703
SSC12326,0,279,279,612,18,630,121,0,121,112,0,112,49,0,49,14,0,14,908,297,1205
SSC12327,0,24,24,43,3,46,11,0,11,9,0,9,8,0,8,0,0,0,71,27,98
SSC12328,0,292,292,471,18,489,106,0,106,53,0,53,29,0,29,12,0,12,671,310,981
SSC12329,0,714,714,1088,28,1116,593,13,606,830,0,830,364,0,364,120,0,120,2995,755,3750
SSC12330,0,62,62,102,14,116,74,3,77,92,0,92,57,0,57,56,3,59,381,82,463
SSC12331,0,340,340,394,42,436,192,22,214,170,0,170,81,0,81,48,0,48,885,404,1289
SSC12332,0,1347,1347,1237,141,1378,340,25,365,202,6,208,88,3,91,34,4,38,1901,1526,3427
SSC12333,0,1290,1290,1273,117,1390,376,12,388,222,4,226,137,3,140,60,0,60,2068,1426,3494
SSC12334,0,955,955,889,120,1009,289,10,299,221,0,221,79,0,79,37,0,37,1515,1085,2600
SSC12335,0,7,7,16,3,19,5,0,5,7,0,7,0,0,0,3,0,3,31,10,41
SSC12336,0,46,46,54,5,59,33,0,33,22,3,25,15,0,15,6,0,6,130,54,184
SSC12337,0,34,34,41,4,45,15,0,15,19,0,19,4,0,4,3,0,3,82,38,120
SSC12338,0,49,49,106,17,123,45,4,49,34,0,34,13,0,13,8,0,8,206,70,276
SSC12339,0,25,25,67,3,70,11,0,11,27,0,27,11,0,11,3,0,3,119,28,147
SSC12340,0,780,780,935,46,981,323,5,328,282,0,282,121,3,124,49,0,49,1710,834,2544
SSC12341,0,79,79,99,7,106,39,0,39,42,0,42,22,0,22,3,0,3,205,86,291
SSC12342,0,32,32,23,4,27,9,0,9,10,0,10,7,0,7,6,0,6,55,36,91
SSC12343,0,1030,1030,691,221,912,216,106,322,145,69,214,48,24,72,15,16,31,1115,1466,2581
SSC12344,0,1814,1814,2039,160,2199,888,17,905,859,0,859,355,4,359,152,0,152,4293,1995,6288
SSC12345,0,662,662,657,42,699,331,0,331,322,0,322,124,0,124,48,0,48,1482,704,2186
SSC12346,0,49,49,43,10,53,17,0,17,10,0,10,3,0,3,6,0,6,79,59,138
SSC12347,0,35,35,31,0,31,15,0,15,19,0,19,0,0,0,3,0,3,68,35,103
SSC12348,0,18,18,29,3,32,6,0,6,9,0,9,11,0,11,4,0,4,59,21,80
SSC12349,0,22,22,23,3,26,9,0,9,4,0,4,8,0,8,5,0,5,49,25,74
SSC12350,0,20,20,32,3,35,11,0,11,16,0,16,0,0,0,0,0,0,59,23,82
SSC12351,0,41,41,81,3,84,29,0,29,24,0,24,12,0,12,3,0,3,149,44,193
SSC12352,0,37,37,20,4,24,10,0,10,8,0,8,0,0,0,5,0,5,43,41,84
SSC12353,0,36,36,57,3,60,16,0,16,17,0,17,6,0,6,0,0,0,96,39,135
SSC12354,0,55,55,98,5,103,29,0,29,48,0,48,20,0,20,9,0,9,204,60,264
SSC12355,0,25,25,52,3,55,20,0,20,14,0,14,14,0,14,8,0,8,108,28,136
SSC12356,0,14,14,37,3,40,6,0,6,11,0,11,4,0,4,3,0,3,61,17,78
SSC12357,0,290,290,363,16,379,145,0,145,121,0,121,55,0,55,43,0,43,727,306,1033
SSC12358,0,38,38,51,4,55,18,0,18,6,0,6,3,0,3,3,0,3,81,42,123
SSC12359,0,68,68,115,3,118,53,0,53,59,0,59,29,0,29,8,0,8,264,71,335
SSC12360,0,50,50,67,7,74,8,0,8,15,0,15,18,0,18,5,0,5,113,57,170
SSC12361,0,413,413,521,44,565,151,0,151,108,0,108,53,0,53,33,0,33,866,457,1323
SSC12362,0,35,35,68,4,72,24,0,24,23,0,23,13,0,13,11,0,11,139,39,178
SSC12363,0,105,105,64,12,76,20,0,20,27,0,27,10,0,10,6,0,6,127,117,244
SSC12364,0,317,317,723,18,741,303,0,303,419,0,419,143,0,143,46,0,46,1634,335,1969
SSC12365,0,63,63,108,7,115,44,0,44,40,0,40,21,0,21,15,0,15,228,70,298
SSC12366,0,135,135,222,14,236,55,0,55,48,0,48,22,0,22,11,0,11,358,149,507
SSC12367,0,79,79,185,8,193,78,4,82,87,0,87,30,0,30,19,0,19,399,91,490
SSC12368,0,3,3,9,0,9,6,0,6,3,0,3,3,0,3,3,0,3,24,3,27
SSC12369,0,628,628,867,85,952,485,16,501,588,0,588,297,0,297,90,0,90,2327,729,3056
SSC12370,0,20,20,56,0,56,18,0,18,11,0,11,5,0,5,9,0,9,99,20,119
SSC12371,0,27,27,81,5,86,16,0,16,19,0,19,6,0,6,10,0,10,132,32,164
SSC12372,0,570,570,368,34,402,231,0,231,223,0,223,151,0,151,167,3,170,1140,607,1747
SSC12373,0,314,314,480,22,502,135,3,138,109,0,109,42,0,42,12,0,12,778,339,1117
SSC12374,0,151,151,110,11,121,51,3,54,64,0,64,30,0,30,27,0,27,282,165,447
SSC12375,0,0,0,0,0,0,0,0,0,0,0,0,0,0,0,0,0,0,0,0,0
SSC12376,0,12,12,72,3,75,71,3,74,114,0,114,62,0,62,28,0,28,347,18,365
SSC12377,0,167,167,149,11,160,83,7,90,131,0,131,54,3,57,24,0,24,441,188,629
SSC12378,0,1271,1271,876,243,1119,311,78,389,219,17,236,90,7,97,33,0,33,1529,1616,3145
SSC12379,0,17,17,28,3,31,9,0,9,9,0,9,3,0,3,3,0,3,52,20,72
SSC12380,0,875,875,1572,56,1628,892,16,908,1197,8,1205,518,4,522,196,0,196,4375,959,5334
SSC12381,0,723,723,641,62,703,430,6,436,288,7,295,76,0,76,12,0,12,1447,798,2245
SSC12382,0,10,10,17,0,17,15,0,15,16,0,16,3,0,3,0,0,0,51,10,61
SSC12383,0,122,122,316,18,334,279,0,279,311,0,311,178,0,178,128,0,128,1212,140,1352
SSC12384,0,41,41,69,6,75,22,0,22,30,0,30,10,0,10,0,0,0,131,47,178
SSC12385,0,20,20,27,0,27,6,0,6,15,0,15,10,0,10,3,0,3,61,20,81
SSC12386,0,306,306,388,11,399,114,0,114,123,0,123,58,0,58,25,0,25,708,317,1025
SSC12387,0,187,187,196,15,211,109,3,112,94,3,97,66,0,66,54,0,54,519,208,727
SSC12388,0,81,81,127,9,136,44,3,47,43,0,43,19,0,19,12,0,12,245,93,338
SSC12389,0,25,25,34,4,38,15,0,15,10,0,10,3,0,3,3,0,3,65,29,94
SSC12390,0,39,39,74,4,78,36,0,36,31,0,31,14,0,14,5,0,5,160,43,203
SSC12391,0,126,126,157,12,169,85,0,85,111,0,111,37,0,37,48,0,48,438,138,576
SSC12392,0,90,90,114,3,117,18,0,18,15,0,15,6,0,6,0,0,0,153,93,246
SSC12393,0,28,28,80,4,84,28,0,28,25,0,25,6,0,6,3,0,3,142,32,174
SSC12394,0,21,21,76,3,79,38,0,38,83,0,83,29,0,29,17,0,17,243,24,267
SSC12395,0,14,14,20,3,23,16,0,16,14,0,14,6,0,6,4,0,4,60,17,77
SSC12396,0,21,21,38,0,38,28,0,28,19,0,19,9,0,9,12,0,12,106,21,127
SSC12397,0,19,19,42,0,42,24,0,24,11,0,11,8,0,8,5,0,5,90,19,109
SSC12398,0,36,36,73,3,76,38,0,38,39,0,39,18,0,18,13,0,13,181,39,220
SSC12399,0,25,25,41,0,41,11,0,11,21,0,21,5,0,5,3,0,3,81,25,106
SSC12400,0,149,149,221,14,235,91,0,91,125,0,125,51,0,51,19,0,19,507,163,670
SSC12401,0,1416,1416,1526,139,1665,712,35,747,605,10,615,263,3,266,103,5,108,3209,1608,4817
SSC12402,0,352,352,716,48,764,322,18,340,420,0,420,191,0,191,71,0,71,1720,418,2138
SSC12403,0,58,58,182,8,190,92,3,95,123,0,123,51,0,51,18,0,18,466,69,535
SSC12404,0,15,15,25,0,25,10,0,10,10,0,10,4,0,4,0,0,0,49,15,64
SSC12405,0,24,24,49,6,55,19,0,19,25,0,25,13,0,13,6,0,6,112,30,142
SSC12406,0,22,22,54,3,57,21,0,21,13,0,13,5,0,5,3,0,3,96,25,121
SSC12407,0,289,289,464,23,487,149,0,149,120,0,120,56,0,56,19,0,19,808,312,1120
SSC12408,0,26,26,37,0,37,14,0,14,15,0,15,12,0,12,4,0,4,82,26,108
SSC12409,0,174,174,247,23,270,110,7,117,100,8,108,44,0,44,26,0,26,527,212,739
SSC12410,0,685,685,491,87,578,227,28,255,159,18,177,65,6,71,35,0,35,977,824,1801
SSC12411,0,250,250,317,57,374,149,32,181,106,18,124,55,15,70,19,12,31,646,384,1030
SSC12412,0,79,79,136,16,152,46,0,46,55,0,55,20,0,20,14,0,14,271,95,366
SSC12413,0,26,26,30,3,33,13,0,13,4,0,4,4,0,4,0,0,0,51,29,80
SSC12414,0,142,142,166,20,186,104,4,108,84,0,84,30,0,30,19,0,19,403,166,569
SSC12415,0,226,226,252,12,264,76,0,76,80,0,80,50,0,50,15,0,15,473,238,711
SSC12416,0,21,21,27,0,27,13,0,13,9,0,9,4,0,4,3,0,3,56,21,77
SSC12417,0,782,782,786,51,837,372,6,378,292,3,295,135,0,135,77,0,77,1662,842,2504
SSC12418,0,842,842,1056,48,1104,367,9,376,448,3,451,151,0,151,71,0,71,2093,902,2995
SSC12419,0,24,24,53,3,56,25,0,25,38,0,38,11,0,11,18,0,18,145,27,172
SSC12420,0,21,21,32,0,32,7,0,7,10,0,10,4,0,4,3,0,3,56,21,77
SSC12421,0,131,131,117,16,133,73,0,73,69,0,69,37,0,37,17,0,17,313,147,460
SSC12422,0,18,18,45,6,51,28,0,28,23,0,23,7,0,7,10,0,10,113,24,137
SSC12423,0,113,113,290,11,301,161,3,164,203,0,203,91,0,91,43,0,43,788,127,915
SSC12424,0,614,614,523,49,572,268,5,273,219,3,222,113,0,113,71,0,71,1194,671,1865
SSC12425,0,16,16,23,3,26,11,0,11,8,0,8,3,0,3,5,0,5,50,19,69
SSC12426,0,20,20,42,6,48,16,0,16,12,0,12,4,0,4,0,0,0,74,26,100
SSC12427,0,210,210,224,12,236,79,0,79,73,0,73,42,0,42,16,0,16,434,222,656
SSC12428,0,17,17,37,0,37,10,0,10,21,0,21,4,0,4,6,0,6,78,17,95
SSC12429,0,281,281,582,26,608,353,7,360,468,5,473,181,0,181,73,0,73,1657,319,1976
SSC12430,0,150,150,229,21,250,143,3,146,164,0,164,72,0,72,27,0,27,635,174,809
SSC12431,0,575,575,387,63,450,286,14,300,206,0,206,89,0,89,47,0,47,1015,652,1667
SSC12432,0,289,289,367,30,397,229,4,233,216,0,216,107,0,107,60,0,60,979,323,1302
SSC12433,0,26,26,52,0,52,33,3,36,36,0,36,15,0,15,3,0,3,139,29,168
SSC12434,0,2120,2120,1270,455,1725,439,143,582,199,86,285,48,19,67,24,14,38,1980,2837,4817
SSC12435,0,64,64,201,7,208,77,0,77,77,0,77,36,0,36,21,0,21,412,71,483
SSC12436,0,82,82,71,6,77,37,0,37,45,0,45,12,0,12,11,0,11,176,88,264
SSC12437,0,36,36,41,4,45,15,0,15,11,0,11,9,0,9,3,0,3,79,40,119
SSC12438,0,19,19,39,0,39,20,0,20,9,0,9,6,0,6,7,0,7,81,19,100
SSC12439,0,59,59,51,3,54,15,3,18,11,0,11,9,0,9,7,0,7,93,65,158
SSC12440,0,278,278,596,33,629,505,3,508,756,0,756,282,0,282,92,0,92,2231,314,2545
SSC12441,0,23,23,100,5,105,78,3,81,105,0,105,56,0,56,16,0,16,355,31,386
SSC12442,0,651,651,783,51,834,299,6,305,308,0,308,126,0,126,65,0,65,1581,708,2289
SSC12443,0,32,32,55,6,61,17,0,17,20,0,20,6,0,6,3,0,3,101,38,139
SSC12444,0,540,540,423,91,514,205,19,224,196,7,203,62,0,62,16,3,19,902,660,1562
SSC12445,0,426,426,470,75,545,135,33,168,97,3,100,30,0,30,4,0,4,736,537,1273
SSC12446,0,21,21,41,0,41,10,0,10,7,0,7,4,0,4,0,0,0,62,21,83
SSC12447,0,21,21,59,3,62,22,0,22,31,0,31,29,0,29,13,0,13,154,24,178
SSC12448,0,27,27,49,0,49,8,0,8,15,0,15,5,0,5,4,0,4,81,27,108
SSC12449,0,236,236,226,16,242,114,0,114,100,0,100,60,0,60,21,0,21,521,252,773
SSC12450,0,29,29,40,0,40,16,0,16,9,0,9,12,0,12,10,0,10,87,29,116
SSC12451,0,12,12,13,0,13,7,0,7,8,0,8,5,0,5,4,0,4,37,12,49
SSC12452,0,75,75,89,3,92,43,0,43,42,3,45,16,0,16,4,0,4,194,81,275
SSC12453,0,545,545,475,39,514,202,3,205,161,0,161,91,0,91,59,0,59,988,587,1575
SSC12454,0,9,9,25,0,25,6,0,6,6,0,6,6,0,6,0,0,0,43,9,52
SSC12455,0,33,33,31,0,31,20,0,20,14,0,14,7,0,7,6,0,6,78,33,111
SSC12456,0,169,169,202,14,216,50,0,50,38,0,38,14,0,14,21,0,21,325,183,508
SSC12457,0,667,667,835,53,888,318,6,324,255,3,258,107,0,107,44,0,44,1559,729,2288
SSC12458,0,371,371,486,63,549,161,7,168,88,0,88,11,0,11,3,0,3,749,441,1190
SSC12459,0,828,828,860,85,945,722,25,747,633,10,643,293,3,296,173,0,173,2681,951,3632
SSC12460,0,26,26,58,3,61,11,0,11,12,0,12,5,0,5,0,0,0,86,29,115
SSC12461,0,19,19,70,0,70,36,3,39,42,0,42,42,0,42,24,0,24,214,22,236
SSC12462,0,42,42,64,3,67,25,3,28,33,0,33,15,0,15,7,0,7,144,48,192
SSC12463,0,383,383,444,57,501,234,8,242,177,0,177,89,0,89,50,0,50,994,448,1442
SSC12464,0,178,178,340,18,358,270,6,276,232,0,232,107,0,107,56,0,56,1005,202,1207
SSC12465,0,137,137,279,15,294,233,0,233,225,0,225,107,0,107,51,0,51,895,152,1047
SSC12466,0,228,228,263,18,281,84,0,84,57,0,57,43,0,43,21,0,21,468,246,714
SSC12467,0,430,430,499,37,536,201,8,209,195,3,198,73,0,73,32,0,32,1000,478,1478
SSC12468,0,372,372,471,29,500,165,5,170,115,0,115,49,0,49,36,0,36,836,406,1242
SSC12469,0,392,392,469,48,517,231,16,247,168,4,172,77,0,77,47,0,47,992,460,1452
SSC12470,0,270,270,193,35,228,55,3,58,47,0,47,11,0,11,6,0,6,312,308,620
SSC12471,0,160,160,209,10,219,49,0,49,24,0,24,19,0,19,4,0,4,305,170,475
SSC12472,0,129,129,411,16,427,467,4,471,701,0,701,407,0,407,265,0,265,2251,149,2400
SSC12473,0,631,631,567,46,613,255,5,260,165,0,165,99,0,99,74,0,74,1160,682,1842
SSC12474,0,64,64,115,13,128,78,0,78,66,0,66,25,0,25,13,0,13,297,77,374
SSC12475,0,578,578,1319,29,1348,943,5,948,1375,3,1378,557,0,557,211,0,211,4405,615,5020
SSC12476,0,254,254,412,20,432,261,4,265,409,0,409,216,3,219,71,0,71,1369,281,1650
SSC12477,0,1171,1171,1274,154,1428,790,36,826,702,11,713,262,4,266,101,3,104,3129,1379,4508
SSC12478,0,707,707,625,77,702,282,0,282,211,4,215,136,0,136,76,0,76,1330,788,2118
SSC12479,0,136,136,202,18,220,102,0,102,101,0,101,47,0,47,20,0,20,472,154,626
SSC12480,0,462,462,518,54,572,250,28,278,249,11,260,96,0,96,44,3,47,1157,558,1715
SSC12481,0,389,389,443,16,459,129,5,134,123,0,123,63,0,63,48,0,48,806,410,1216
SSC12482,0,107,107,222,16,238,131,5,136,157,0,157,69,0,69,24,0,24,603,128,731
SSC12483,0,170,170,432,9,441,265,0,265,388,0,388,148,0,148,44,0,44,1277,179,1456
SSC12484,0,1110,1110,1222,193,1415,1055,76,1131,813,24,837,253,12,265,142,4,146,3485,1419,4904
SSC12485,0,321,321,403,19,422,222,0,222,178,0,178,106,3,109,54,0,54,963,343,1306
SSC12486,0,200,200,472,28,500,362,0,362,395,0,395,215,0,215,143,4,147,1587,232,1819
SSC12487,0,455,455,476,30,506,330,4,334,251,0,251,182,0,182,182,0,182,1421,489,1910
SSC12488,0,27,27,59,0,59,17,0,17,9,0,9,9,0,9,4,0,4,98,27,125
SSC12489,0,3,3,0,0,0,0,0,0,0,0,0,0,0,0,0,0,0,0,3,3
SSC12490,0,33,33,14,0,14,5,0,5,0,0,0,3,0,3,0,0,0,22,33,55
SSC12491,0,19,19,76,0,76,41,0,41,45,0,45,19,0,19,10,0,10,191,19,210
SSC12492,0,173,173,277,20,297,148,3,151,193,3,196,80,0,80,15,3,18,713,202,915
SSC12493,0,17,17,45,3,48,21,0,21,24,0,24,8,0,8,5,0,5,103,20,123
SSC12494,0,36,36,36,3,39,20,0,20,21,0,21,18,0,18,3,0,3,98,39,137
SSC12495,0,12,12,37,5,42,12,0,12,12,0,12,5,0,5,0,0,0,66,17,83
SSC12496,0,21,21,31,4,35,8,0,8,10,0,10,8,0,8,0,0,0,57,25,82
SSC12497,0,156,156,121,41,162,55,15,70,29,0,29,8,0,8,0,3,3,213,215,428
SSC12498,0,170,170,253,17,270,159,3,162,172,0,172,85,3,88,60,0,60,729,193,922
SSC12499,0,81,81,70,5,75,32,5,37,32,0,32,11,0,11,34,0,34,179,91,270
SSC12500,0,37,37,98,3,101,19,0,19,19,0,19,14,0,14,7,0,7,157,40,197
SSC12501,0,568,568,667,82,749,605,28,633,533,20,553,280,5,285,202,3,205,2287,706,2993
SSC12502,0,19,19,27,5,32,24,0,24,11,0,11,12,0,12,3,0,3,77,24,101
SSC12503,0,140,140,105,7,112,23,0,23,26,0,26,15,0,15,11,0,11,180,147,327
SSC12504,0,165,165,206,18,224,121,0,121,96,3,99,77,0,77,87,0,87,587,186,773
SSC12505,0,497,497,579,50,629,352,5,357,397,3,400,166,5,171,43,3,46,1537,563,2100
SSC12506,0,66,66,122,6,128,95,0,95,179,0,179,69,0,69,12,0,12,477,72,549
SSC12507,0,46,46,67,7,74,19,0,19,16,0,16,8,0,8,3,0,3,113,53,166
SSC12508,0,36,36,79,3,82,27,0,27,41,0,41,27,0,27,6,0,6,180,39,219
SSC12509,0,21,21,34,4,38,18,0,18,6,0,6,11,0,11,3,0,3,72,25,97
SSC12510,0,73,73,180,5,185,112,0,112,138,0,138,61,0,61,26,0,26,517,78,595
SSC12511,0,442,442,325,22,347,193,3,196,127,0,127,77,0,77,43,0,43,765,467,1232
SSC12512,0,441,441,404,17,421,130,3,133,109,0,109,46,0,46,18,0,18,707,461,1168
SSC12513,0,13,13,60,0,60,39,0,39,46,0,46,21,0,21,4,0,4,170,13,183
SSC12514,0,26,26,47,4,51,14,0,14,13,0,13,13,0,13,0,0,0,87,30,117
SSC12515,0,62,62,94,11,105,46,0,46,37,0,37,16,0,16,3,0,3,196,73,269
SSC12516,0,49,49,72,9,81,27,0,27,18,0,18,6,0,6,0,0,0,123,58,181
SSC12517,0,224,224,347,30,377,167,4,171,168,4,172,59,0,59,31,0,31,772,262,1034
SSC12518,0,194,194,200,26,226,93,3,96,85,0,85,36,0,36,27,0,27,441,223,664
SSC12519,0,15,15,75,3,78,64,0,64,94,0,94,62,0,62,24,0,24,319,18,337
SSC12520,0,31,31,51,3,54,16,0,16,16,0,16,7,0,7,10,0,10,100,34,134
SSC12521,0,15,15,30,3,33,14,0,14,18,0,18,9,0,9,4,0,4,75,18,93
SSC12522,0,583,583,732,41,773,308,5,313,218,0,218,116,0,116,63,0,63,1437,629,2066
SSC12523,0,15,15,37,3,40,14,0,14,5,0,5,3,0,3,4,0,4,63,18,81
SSC12524,0,354,354,704,25,729,401,4,405,443,0,443,214,3,217,93,0,93,1855,386,2241
SSC12525,0,597,597,1208,43,1251,663,6,669,816,3,819,318,3,321,116,0,116,3121,652,3773
SSC12526,0,15,15,25,3,28,11,0,11,8,0,8,6,0,6,0,0,0,50,18,68
SSC12527,0,23,23,54,3,57,15,0,15,21,0,21,15,0,15,3,0,3,108,26,134
SSC12528,0,30,30,26,4,30,3,0,3,5,0,5,3,0,3,3,0,3,40,34,74
SSC12529,0,48,48,46,7,53,12,0,12,10,0,10,7,0,7,3,0,3,78,55,133
SSC12530,0,29,29,35,3,38,9,0,9,10,0,10,4,0,4,0,0,0,58,32,90
SSC12531,0,248,248,415,109,524,185,28,213,98,19,117,31,8,39,8,0,8,737,412,1149
SSC12532,0,38,38,62,3,65,23,0,23,13,0,13,0,0,0,0,0,0,98,41,139
SSC12533,0,172,172,338,16,354,135,3,138,144,0,144,50,0,50,19,0,19,686,191,877
SSC12534,0,2715,2715,2169,609,2778,792,268,1060,463,87,550,150,35,185,75,9,84,3649,3723,7372
SSC12535,0,1286,1286,1335,250,1585,460,88,548,233,18,251,61,0,61,18,0,18,2107,1642,3749
SSC12536,0,54,54,130,7,137,53,0,53,35,0,35,34,0,34,4,0,4,256,61,317
SSC12537,0,63,63,109,13,122,43,0,43,58,0,58,19,0,19,10,0,10,239,76,315
SSC12538,0,22,22,35,0,35,15,0,15,15,0,15,6,0,6,4,0,4,75,22,97
SSC12539,0,35,35,42,0,42,12,0,12,6,0,6,7,0,7,3,0,3,70,35,105
SSC12540,0,11,11,42,3,45,15,0,15,22,0,22,5,0,5,3,0,3,87,14,101
SSC12541,0,35,35,81,6,87,32,0,32,45,0,45,19,0,19,13,0,13,190,41,231
SSC12542,0,14,14,17,0,17,6,0,6,9,0,9,10,0,10,4,0,4,46,14,60
SSC12543,0,222,222,343,26,369,182,0,182,160,0,160,80,0,80,59,0,59,824,248,1072
SSC12544,0,112,112,259,17,276,162,0,162,169,0,169,76,0,76,49,0,49,715,129,844
SSC12545,0,100,100,112,11,123,34,0,34,43,0,43,12,0,12,10,0,10,211,111,322
SSC12546,0,149,149,353,12,365,390,5,395,511,0,511,249,0,249,151,0,151,1654,166,1820
SSC12547,0,56,56,65,4,69,34,0,34,15,0,15,10,0,10,7,0,7,131,60,191
SSC12548,0,158,158,213,21,234,92,0,92,119,0,119,52,0,52,20,0,20,496,179,675
SSC12549,0,22,22,51,5,56,28,0,28,16,0,16,5,0,5,4,0,4,104,27,131
SSC12550,0,11,11,21,0,21,6,0,6,14,0,14,4,0,4,0,0,0,45,11,56
SSC12551,0,60,60,123,8,131,77,0,77,85,0,85,42,0,42,27,0,27,354,68,422
SSC12552,0,58,58,119,7,126,81,4,85,80,0,80,32,0,32,17,0,17,329,69,398
SSC12553,0,14,14,19,0,19,5,0,5,6,0,6,3,0,3,3,0,3,36,14,50
SSC12554,0,110,110,133,6,139,39,0,39,22,0,22,23,0,23,10,0,10,227,116,343
SSC12555,0,13,13,33,0,33,15,0,15,18,0,18,11,0,11,0,0,0,77,13,90
SSC12556,0,13,13,27,4,31,19,0,19,10,0,10,9,0,9,3,0,3,68,17,85
SSC12557,0,24,24,61,4,65,33,0,33,34,0,34,17,0,17,15,0,15,160,28,188
SSC12558,0,15,15,27,6,33,16,0,16,6,0,6,5,0,5,6,0,6,60,21,81
SSC12559,0,543,543,702,34,736,255,4,259,208,4,212,117,0,117,80,0,80,1362,585,1947
SSC12560,0,102,102,82,5,87,12,0,12,20,0,20,9,0,9,0,0,0,123,107,230
SSC12561,0,1104,1104,964,160,1124,365,39,404,300,11,311,114,3,117,19,3,22,1762,1320,3082
SSC12562,0,41,41,97,5,102,35,0,35,32,0,32,9,0,9,12,0,12,185,46,231
SSC12563,0,838,838,483,133,616,118,41,159,59,6,65,19,0,19,3,0,3,682,1018,1700
SSC12564,0,32,32,39,4,43,11,0,11,10,0,10,14,0,14,3,0,3,77,36,113
SSC12565,0,358,358,428,23,451,235,3,238,269,0,269,137,0,137,55,3,58,1124,387,1511
SSC12566,0,34,34,51,3,54,30,0,30,25,0,25,9,0,9,0,0,0,115,37,152
SSC12567,0,74,74,106,3,109,34,0,34,24,0,24,29,0,29,11,0,11,204,77,281
SSC12568,0,33,33,35,0,35,14,0,14,10,0,10,0,0,0,3,0,3,62,33,95
SSC12569,0,77,77,143,8,151,32,0,32,23,0,23,23,0,23,3,0,3,224,85,309
SSC12570,0,102,102,368,17,385,209,0,209,337,3,340,151,0,151,87,0,87,1152,122,1274
SSC12571,0,1133,1133,1357,76,1433,682,10,692,672,3,675,272,3,275,102,0,102,3085,1225,4310
SSC12572,0,20,20,34,4,38,13,0,13,11,0,11,0,0,0,3,0,3,61,24,85
SSC12573,0,0,0,3,0,3,4,0,4,0,0,0,0,0,0,0,0,0,7,0,7
SSC12574,0,101,101,209,6,215,137,0,137,151,0,151,78,0,78,36,0,36,611,107,718
SSC12575,0,36,36,176,3,179,155,0,155,283,0,283,142,0,142,46,0,46,802,39,841
SSC12576,0,226,226,512,31,543,234,9,243,288,0,288,137,0,137,64,0,64,1235,266,1501
SSC12577,0,42,42,69,0,69,4,0,4,3,0,3,0,0,0,0,0,0,76,42,118
SSC12578,0,1601,1601,1337,124,1461,558,10,568,442,0,442,169,0,169,97,0,97,2603,1735,4338
SSC12579,0,28,28,58,7,65,21,3,24,28,0,28,8,0,8,0,0,0,115,38,153
SSC12580,0,62,62,114,3,117,42,0,42,35,0,35,31,0,31,16,0,16,238,65,303
SSC12581,0,35,35,40,3,43,10,0,10,4,0,4,4,0,4,0,0,0,58,38,96
SSC12582,0,0,0,3,0,3,0,0,0,0,0,0,0,0,0,0,0,0,3,0,3
SSC12583,0,204,204,289,20,309,127,0,127,144,0,144,80,0,80,39,0,39,679,224,903
SSC12584,0,28,28,84,3,87,39,0,39,41,3,44,22,0,22,9,0,9,195,34,229
SSC12585,0,57,57,92,3,95,20,0,20,22,0,22,14,0,14,5,0,5,153,60,213
SSC12586,0,1057,1057,1131,92,1223,577,3,580,520,3,523,222,0,222,99,0,99,2549,1155,3704
SSC12587,0,593,593,477,44,521,205,7,212,144,0,144,57,0,57,42,0,42,925,644,1569
SSC12588,0,26,26,36,5,41,23,3,26,18,0,18,16,0,16,6,0,6,99,34,133
SSC12589,0,137,137,203,10,213,108,4,112,113,0,113,78,0,78,23,0,23,525,151,676
SSC12590,0,20,20,51,4,55,26,0,26,28,0,28,12,0,12,5,0,5,122,24,146
SSC12591,0,998,998,1073,79,1152,759,11,770,903,10,913,563,0,563,452,5,457,3750,1103,4853
SSC12592,0,777,777,1096,82,1178,274,8,282,218,4,222,73,0,73,37,0,37,1698,871,2569
SSC12593,0,92,92,73,3,76,25,0,25,22,0,22,23,0,23,11,0,11,154,95,249
SSC12594,0,43,43,56,6,62,26,0,26,47,0,47,21,0,21,19,0,19,169,49,218
SSC12595,0,15,15,33,3,36,23,0,23,25,0,25,0,0,0,0,0,0,81,18,99
SSC12596,0,42,42,60,3,63,16,0,16,17,0,17,5,0,5,3,0,3,101,45,146
SSC12597,0,43,43,55,3,58,24,0,24,37,0,37,7,0,7,3,0,3,126,46,172
SSC12598,0,16,16,50,0,50,35,0,35,64,0,64,36,0,36,19,0,19,204,16,220
SSC12599,0,31,31,48,3,51,14,0,14,10,0,10,10,0,10,4,0,4,86,34,120
SSC12600,0,0,0,0,0,0,0,0,0,0,0,0,0,0,0,0,0,0,0,0,0
SSC12601,0,71,71,133,7,140,57,0,57,49,0,49,33,0,33,20,0,20,292,78,370
SSC12602,0,104,104,271,4,275,180,0,180,227,0,227,121,0,121,40,0,40,839,108,947
SSC12603,0,47,47,68,6,74,21,0,21,17,0,17,18,0,18,4,0,4,128,53,181
SSC12604,0,28,28,51,3,54,20,0,20,20,0,20,9,0,9,5,0,5,105,31,136
SSC12605,0,15,15,32,0,32,15,0,15,18,0,18,8,0,8,3,0,3,76,15,91
SSC12606,0,13,13,29,0,29,10,0,10,6,0,6,6,0,6,0,0,0,51,13,64
SSC12607,0,13,13,31,3,34,12,0,12,10,0,10,8,0,8,3,0,3,64,16,80
SSC12608,0,570,570,781,47,828,311,7,318,328,5,333,176,0,176,64,0,64,1660,629,2289
SSC12609,0,29,29,87,7,94,27,0,27,28,0,28,17,0,17,6,0,6,165,36,201
SSC12610,0,31,31,63,3,66,31,0,31,35,0,35,13,0,13,10,0,10,152,34,186
SSC12611,0,15,15,31,0,31,17,0,17,12,0,12,3,0,3,3,0,3,66,15,81
SSC12612,0,31,31,86,0,86,64,0,64,60,0,60,37,0,37,16,0,16,263,31,294
SSC12613,0,16,16,34,3,37,18,0,18,19,0,19,15,0,15,18,0,18,104,19,123
SSC12614,0,149,149,174,14,188,59,0,59,95,0,95,54,0,54,12,0,12,394,163,557
SSC12615,0,146,146,93,12,105,53,0,53,61,3,64,30,0,30,49,0,49,286,161,447
SSC12616,0,50,50,48,6,54,14,0,14,23,0,23,7,0,7,8,0,8,100,56,156
SSC12617,0,32,32,63,7,70,20,0,20,22,0,22,19,0,19,13,0,13,137,39,176
SSC12618,0,64,64,109,3,112,61,0,61,71,0,71,36,0,36,16,0,16,293,67,360
SSC12619,0,18,18,28,0,28,15,0,15,19,0,19,4,0,4,4,0,4,70,18,88
SSC12620,0,39,39,58,3,61,15,0,15,16,0,16,8,0,8,7,0,7,104,42,146
SSC12621,0,38,38,80,4,84,37,0,37,49,0,49,40,0,40,14,0,14,220,42,262
SSC12622,0,25,25,53,4,57,24,0,24,26,0,26,20,0,20,0,0,0,123,29,152
SSC12623,0,1099,1099,1181,80,1261,522,3,525,481,3,484,236,0,236,139,0,139,2559,1185,3744
SSC12624,0,169,169,313,10,323,163,5,168,252,0,252,119,0,119,29,0,29,876,184,1060
SSC12625,0,0,0,0,0,0,0,0,0,0,0,0,0,0,0,0,0,0,0,0,0
SSC12626,0,478,478,572,183,755,208,44,252,119,12,131,26,3,29,3,3,6,928,723,1651
SSC19191,0,0,0,0,0,0,0,0,0,0,0,0,0,0,0,0,0,0,0,0,0
SSC19494,0,0,0,0,0,0,0,0,0,0,0,0,0,0,0,0,0,0,0,0,0
SSC19797,0,0,0,0,0,0,0,0,0,0,0,0,0,0,0,0,0,0,0,0,0
