region_id,P_85ov_DNPCC,P_85ov_UCC_NS,P_85ov_Total,P_Tot_CF_Own_CCO,P_Tot_CF_Oth_CCO,P_Tot_CF_Own_CC_Oth_CC,P_Tot_CF_Total,P_Tot_DNPCC,P_Tot_UCC_NS,P_Tot_Total
SSC10001,22,0,22,643,172,16,831,2430,163,3424
SSC10002,91,9,100,803,324,31,1158,2889,287,4334
SSC10003,7,0,7,230,57,3,290,401,28,719
SSC10004,18,4,22,427,189,22,638,1073,140,1851
SSC10005,21,4,25,356,150,17,523,975,91,1589
SSC10006,4,0,4,63,14,0,77,89,3,169
SSC10007,6,0,6,666,141,24,831,1139,110,2080
SSC10008,12,6,18,423,188,9,620,1067,123,1810
SSC10009,3,3,6,50,8,0,58,86,11,155
SSC10010,11,0,11,808,171,29,1008,1629,96,2733
SSC10011,3,0,3,28,6,0,34,154,9,197
SSC10012,72,28,103,997,363,34,1394,2894,296,4584
SSC10013,81,20,104,890,487,55,1432,2572,182,4186
SSC10014,12,0,12,157,51,7,215,420,48,683
SSC10015,0,0,0,163,56,6,225,352,43,620
SSC10016,16,0,16,444,230,20,694,1499,289,2482
SSC10017,0,0,0,29,0,0,29,55,3,87
SSC10018,155,19,174,2594,905,173,3672,5624,456,9752
SSC10019,149,32,181,1103,560,60,1723,3460,351,5534
SSC10020,145,25,170,639,304,25,968,2914,352,4234
SSC10021,4,0,4,80,46,9,135,382,508,1025
SSC10022,17,7,24,813,267,38,1118,4706,493,6317
SSC10023,11,5,16,522,165,21,708,1916,112,2736
SSC10024,6,0,6,35,25,3,63,172,3,238
SSC10025,162,69,231,1342,390,69,1801,3124,365,5290
SSC10026,5,0,5,40,44,3,87,159,13,259
SSC10027,36,17,53,828,198,18,1044,3221,287,4552
SSC10028,3,0,3,23,7,0,30,71,9,110
SSC10029,0,0,0,33,16,6,55,81,12,148
SSC10030,0,0,0,29,13,3,45,130,3,178
SSC10031,0,0,0,67,32,6,105,222,21,348
SSC10032,300,26,326,834,359,52,1245,3200,216,4661
SSC10033,0,0,0,27,5,0,32,85,12,129
SSC10034,30,9,39,1092,459,52,1603,3254,680,5537
SSC10035,0,0,0,48,22,0,70,124,7,201
SSC10036,6,0,6,57,18,0,75,213,18,306
SSC10037,3,0,3,26,8,0,34,112,12,158
SSC10038,38,6,44,582,250,34,866,1920,194,2980
SSC10039,73,8,81,1432,363,75,1870,4930,461,7261
SSC10040,12,0,12,217,92,7,316,697,59,1072
SSC10041,13,0,13,347,133,27,507,764,82,1353
SSC10042,0,0,0,11,4,0,15,28,0,43
SSC10043,6,6,12,67,22,6,95,299,50,444
SSC10044,3,0,3,28,18,0,46,192,15,253
SSC10045,10,3,13,232,103,13,348,645,48,1041
SSC10046,14,0,14,208,118,11,337,742,56,1135
SSC10047,3,3,6,34,25,0,59,163,15,237
SSC10048,9,0,9,36,15,6,57,226,17,300
SSC10049,27,8,35,203,98,6,307,765,75,1147
SSC10050,3,0,3,43,12,0,55,254,12,321
SSC10051,15,0,15,108,41,12,161,319,47,527
SSC10052,0,0,0,64,9,0,73,125,15,213
SSC10053,372,81,456,3077,1262,192,4531,12140,1523,18194
SSC10054,172,26,198,1183,394,49,1626,4539,673,6838
SSC10055,0,0,0,0,0,0,0,15,0,15
SSC10056,17,3,20,20,40,0,60,367,48,475
SSC10057,7,0,7,73,21,4,98,241,34,373
SSC10058,110,20,130,1638,302,57,1997,4735,348,7080
SSC10059,40,6,50,551,182,34,767,1602,119,2488
SSC10060,7,3,10,45,26,3,74,190,26,290
SSC10061,0,0,0,40,17,9,66,153,8,227
SSC10062,20,7,27,419,117,19,555,1635,306,2496
SSC10063,611,118,732,3062,718,56,3836,13557,1743,19136
SSC10064,16,5,21,119,47,6,172,481,50,703
SSC10065,3,0,3,63,18,0,81,157,21,259
SSC10066,52,18,70,624,227,38,889,1834,280,3003
SSC10067,35,3,38,893,292,44,1229,1931,159,3319
SSC10068,76,9,85,651,197,44,892,1777,114,2783
SSC10069,3,3,6,113,39,6,158,413,45,616
SSC10070,313,50,369,4818,968,63,5849,17131,3013,25993
SSC10071,27,5,32,445,213,41,699,1097,139,1935
SSC10072,86,49,135,432,141,9,582,1506,344,2432
SSC10073,237,50,287,1971,738,95,2804,5132,436,8372
SSC10074,52,16,68,784,318,56,1158,1980,237,3375
SSC10075,4,0,4,70,15,7,92,165,16,273
SSC10076,6,0,6,41,20,0,61,123,12,196
SSC10077,3,3,6,78,35,0,113,264,38,415
SSC10078,0,0,0,40,20,3,63,153,6,222
SSC10079,0,0,0,57,30,3,90,210,68,368
SSC10080,0,3,3,63,24,3,90,207,28,325
SSC10081,0,0,0,48,14,3,65,169,17,251
SSC10082,15,0,15,126,56,9,191,411,37,639
SSC10083,3,0,3,58,22,0,80,129,6,215
SSC10084,115,18,137,1505,444,80,2029,3445,391,5865
SSC10085,75,9,84,744,186,33,963,1329,96,2388
SSC10086,64,16,80,855,466,54,1375,2827,241,4443
SSC10087,5,0,5,37,3,0,40,127,6,173
SSC10088,0,3,3,22,24,3,49,95,12,156
SSC10089,545,150,698,882,454,56,1392,4749,679,6820
SSC10090,70,23,93,1530,485,53,2068,5504,644,8216
SSC10091,24,0,24,266,109,13,388,1104,109,1601
SSC10092,5,0,5,122,53,13,188,375,27,590
SSC10093,0,0,0,66,22,0,88,195,8,291
SSC10094,20,9,29,230,76,7,313,839,155,1307
SSC10095,0,0,0,52,12,4,68,124,21,213
SSC10096,9,9,18,118,64,0,182,430,51,663
SSC10097,51,6,57,405,86,28,519,878,85,1482
SSC10098,3,0,3,74,13,0,87,155,6,248
SSC10099,108,7,120,892,423,41,1356,3054,171,4581
SSC10100,44,9,53,491,180,15,686,1695,248,2629
SSC10101,0,0,0,0,3,0,3,8,0,11
SSC10102,326,87,418,4855,1000,74,5929,14830,2642,23401
SSC10103,0,0,0,0,0,0,0,13,3,16
SSC10104,3,0,3,29,7,4,40,111,15,166
SSC10105,5,0,5,54,15,3,72,181,21,274
SSC10106,562,121,689,2100,930,120,3150,8449,918,12517
SSC10107,16,6,22,142,78,3,223,671,88,982
SSC10108,0,0,0,58,11,0,69,213,21,303
SSC10109,19,3,22,110,26,6,142,393,68,603
SSC10110,0,0,0,10,6,0,16,51,40,107
SSC10111,0,0,0,0,0,0,0,0,0,0
SSC10112,16,0,16,758,193,23,974,2088,101,3163
SSC10113,51,4,55,398,118,18,534,1209,64,1807
SSC10114,29,8,40,340,121,16,477,1135,137,1749
SSC10115,7,0,7,112,45,6,163,314,24,501
SSC10116,38,6,47,717,277,36,1030,1944,221,3195
SSC10117,58,16,74,197,83,10,290,898,135,1323
SSC10118,0,0,0,54,19,0,73,218,14,305
SSC10119,3,0,3,67,22,0,89,195,25,309
SSC10120,9,0,9,322,138,24,484,849,65,1398
SSC10121,17,0,17,245,103,9,357,784,73,1214
SSC10122,40,9,49,175,71,9,255,903,126,1284
SSC10123,48,4,52,852,490,54,1396,2975,438,4809
SSC10124,7,3,10,95,52,11,158,304,35,497
SSC10125,3,0,3,47,18,0,65,124,18,207
SSC10126,6,6,12,58,37,0,95,321,25,441
SSC10127,3,0,3,47,9,0,56,118,33,207
SSC10128,36,3,42,208,67,18,293,751,80,1124
SSC10129,164,25,192,1159,398,43,1600,4296,547,6443
SSC10130,376,240,620,1717,812,85,2614,6219,913,9746
SSC10131,98,11,112,201,59,12,272,1002,184,1458
SSC10132,48,21,69,125,92,3,220,850,164,1234
SSC10133,143,24,173,746,400,51,1197,3970,573,5740
SSC10134,27,5,32,191,75,3,269,823,75,1167
SSC10135,363,42,410,6656,2275,240,9171,16449,1028,26648
SSC10136,8,4,12,55,28,3,86,245,25,356
SSC10137,12,4,16,76,33,3,112,374,25,511
SSC10138,238,31,269,425,266,33,724,1762,182,2668
SSC10139,72,15,91,1336,445,53,1834,3289,283,5406
SSC10140,4,0,4,137,36,0,173,503,107,783
SSC10141,0,0,0,18,18,0,36,96,37,169
SSC10142,20,4,24,1863,382,66,2311,3106,190,5607
SSC10143,3,0,3,35,16,0,51,99,21,171
SSC10144,0,0,0,41,26,0,67,91,7,165
SSC10145,8,0,8,85,42,5,132,304,17,453
SSC10146,271,25,306,1510,676,69,2255,4729,211,7195
SSC10147,0,0,0,0,0,0,0,0,0,0
SSC10148,3,0,3,55,17,3,75,148,12,235
SSC10149,103,45,148,703,266,56,1025,2394,349,3768
SSC10150,3,0,3,23,6,0,29,112,15,156
SSC10151,96,22,121,988,280,20,1288,3161,353,4802
SSC10152,0,0,0,36,6,3,45,74,4,123
SSC10153,3,3,6,75,57,0,132,278,40,450
SSC10154,22,11,37,1254,432,34,1720,3920,240,5880
SSC10155,50,7,57,600,288,31,919,2038,241,3198
SSC10156,7,0,7,24,4,6,34,122,13,169
SSC10157,3,0,3,67,24,0,91,193,31,315
SSC10158,6,0,6,20,4,0,24,142,8,174
SSC10159,16,4,20,365,152,14,531,900,180,1611
SSC10160,7,0,7,119,74,10,203,392,58,653
SSC10161,0,0,0,36,21,0,57,204,32,293
SSC10162,158,54,221,1611,666,57,2334,5277,1242,8853
SSC10163,111,14,125,649,233,62,944,1767,119,2830
SSC10164,198,40,242,948,487,33,1468,3466,416,5350
SSC10165,141,40,181,1115,481,45,1641,3177,359,5177
SSC10166,18,6,24,179,88,5,272,626,85,983
SSC10167,115,62,177,1865,612,17,2494,6620,1040,10154
SSC10168,0,0,0,64,26,0,90,191,18,299
SSC10169,403,60,463,1501,658,86,2245,4051,279,6575
SSC10170,8,0,8,88,28,0,116,304,41,461
SSC10171,3,0,3,64,22,0,86,257,17,360
SSC10172,0,0,0,41,9,0,50,139,17,206
SSC10173,6,0,6,66,35,3,104,250,40,394
SSC10174,0,0,0,39,16,0,55,176,32,263
SSC10175,6,3,9,37,18,0,55,122,18,195
SSC10176,6,0,6,79,29,3,111,193,21,325
SSC10177,4,0,7,76,45,6,127,195,23,345
SSC10178,16,3,19,515,149,34,698,1159,95,1952
SSC10179,3,0,3,19,13,6,38,90,12,140
SSC10180,117,25,142,1312,348,26,1686,4745,583,7014
SSC10181,0,0,0,9,0,0,9,7,0,16
SSC10182,46,18,67,470,248,27,745,1606,185,2536
SSC10183,3,0,3,22,9,3,34,115,6,155
SSC10184,102,25,127,1039,486,46,1571,3941,536,6048
SSC10185,213,39,252,1554,536,99,2189,4013,371,6573
SSC10186,0,0,0,146,72,8,226,556,715,1497
SSC10187,44,7,51,194,80,16,290,1026,94,1410
SSC10188,23,8,31,985,306,43,1334,2029,142,3505
SSC10189,0,0,0,41,7,0,48,113,18,179
SSC10190,28,10,38,1050,367,64,1481,2273,158,3912
SSC10191,7,6,13,102,52,3,157,383,24,564
SSC10192,11,4,15,24,15,0,39,209,4,252
SSC10193,24,0,28,283,78,10,371,810,71,1252
SSC10194,27,23,53,134,68,15,217,626,68,911
SSC10195,6,0,6,61,26,0,87,171,12,270
SSC10196,8,3,11,85,38,0,123,297,87,507
SSC10197,107,14,121,318,181,21,520,1424,116,2060
SSC10198,0,0,0,86,15,0,101,208,22,331
SSC10199,69,16,85,405,107,7,519,1061,89,1669
SSC10200,214,47,264,1501,527,27,2055,5244,664,7963
SSC10201,3,0,3,77,42,0,119,236,19,374
SSC10202,570,61,635,3079,982,69,4130,10173,1025,15328
SSC10203,91,18,109,697,246,21,964,1949,270,3183
SSC10204,9,6,15,42,18,3,63,150,22,235
SSC10205,0,0,0,42,18,0,60,143,32,235
SSC10206,12,0,12,629,245,43,917,1844,349,3110
SSC10207,3,0,3,130,21,3,154,250,24,428
SSC10208,4,0,4,36,15,0,51,196,4,251
SSC10209,4,0,4,86,48,4,138,285,40,463
SSC10210,27,8,35,609,171,33,813,1643,125,2581
SSC10211,4,0,4,128,48,9,185,278,38,501
SSC10212,26,5,31,750,273,37,1060,1807,170,3037
SSC10213,3,0,3,39,26,8,73,146,15,234
SSC10214,0,0,0,63,20,0,83,148,13,244
SSC10215,11,3,14,117,51,4,172,462,141,775
SSC10216,9,0,9,69,25,3,97,247,33,377
SSC10217,0,0,0,31,16,0,47,110,15,172
SSC10218,63,9,72,147,69,6,222,835,99,1156
SSC10219,3,0,6,42,30,0,72,158,9,239
SSC10220,3,0,3,105,43,6,154,297,23,474
SSC10221,8,0,8,58,18,3,79,205,24,308
SSC10222,3,3,6,39,3,3,45,103,3,151
SSC10223,13,3,16,106,36,3,145,420,47,612
SSC10224,6,3,9,38,7,0,45,96,10,151
SSC10225,20,4,24,520,181,29,730,1661,185,2576
SSC10226,41,9,50,256,87,15,358,1317,123,1798
SSC10227,58,14,72,433,134,13,580,1495,247,2322
SSC10228,3,0,3,27,17,0,44,134,11,189
SSC10229,0,0,0,37,17,0,54,87,6,147
SSC10230,12,4,16,116,55,0,171,413,30,614
SSC10231,3,0,3,118,52,4,174,307,41,522
SSC10232,0,0,0,72,13,0,85,162,7,254
SSC10233,6,0,6,46,30,0,76,198,31,305
SSC10234,51,10,61,429,227,17,673,1441,141,2255
SSC10235,22,6,28,542,237,19,798,1608,132,2538
SSC10236,8,6,14,502,162,30,694,1483,305,2482
SSC10237,70,15,85,589,252,59,900,2332,545,3777
SSC10238,0,0,0,27,11,0,38,159,31,228
SSC10239,28,11,39,265,155,8,428,952,148,1528
SSC10240,484,113,604,7357,2146,194,9697,21830,2563,34090
SSC10241,36,6,42,260,103,9,372,956,126,1454
SSC10242,4,3,7,521,144,29,694,1233,124,2051
SSC10243,0,0,0,69,26,3,98,206,43,347
SSC10244,214,20,237,1006,334,20,1360,3348,246,4954
SSC10245,3,3,6,50,12,3,65,174,36,275
SSC10246,71,17,88,1285,622,100,2007,3602,226,5835
SSC10247,8,0,8,87,19,6,112,228,18,358
SSC10248,56,8,64,574,194,23,791,1677,175,2643
SSC10249,23,0,23,1454,395,62,1911,2639,205,4755
SSC10250,0,4,4,69,32,9,110,170,14,294
SSC10251,25,5,30,122,78,3,203,571,83,857
SSC10252,41,16,57,1241,307,67,1615,2557,326,4498
SSC10253,0,0,0,20,7,0,27,88,26,141
SSC10254,0,0,0,0,0,0,0,15,0,15
SSC10255,13,4,17,251,100,13,364,786,98,1248
SSC10256,52,13,65,982,309,54,1345,2625,255,4225
SSC10257,7,6,13,149,66,4,219,417,91,727
SSC10258,3,0,3,72,39,10,121,260,28,409
SSC10259,8,0,8,64,30,0,94,306,36,436
SSC10260,0,0,0,49,21,0,70,144,18,232
SSC10261,20,8,28,582,189,49,820,1463,138,2421
SSC10262,0,3,3,195,110,45,350,395,39,784
SSC10263,20,3,23,199,52,4,255,579,71,905
SSC10264,60,7,67,306,196,16,518,1200,121,1839
SSC10265,13,0,13,180,141,9,330,613,35,978
SSC10266,23,0,23,530,175,19,724,1066,92,1882
SSC10267,101,25,129,875,425,55,1355,3705,366,5426
SSC10268,43,12,55,187,61,3,251,654,72,977
SSC10269,4,0,4,37,12,0,49,95,9,153
SSC10270,0,0,0,9,0,0,9,18,0,27
SSC10271,6,0,6,53,12,0,65,126,15,206
SSC10272,0,0,0,6,3,0,9,12,3,24
SSC10273,0,0,0,39,16,0,55,151,17,223
SSC10274,7,6,13,72,29,4,105,316,31,452
SSC10275,154,48,202,1051,418,59,1528,5591,1326,8445
SSC10276,84,28,115,1182,416,80,1678,6484,1426,9588
SSC10277,183,39,230,1007,367,32,1406,4981,1170,7557
SSC10278,46,12,58,441,249,24,714,1678,157,2549
SSC10279,9,3,12,352,212,10,574,1106,88,1768
SSC10280,29,5,34,490,153,23,666,1486,123,2275
SSC10281,82,6,94,1122,406,20,1548,4259,533,6340
SSC10282,27,3,33,1085,345,16,1446,3980,330,5756
SSC10283,25,0,25,338,135,29,502,1229,79,1810
SSC10284,4,0,4,54,36,6,96,164,12,272
SSC10285,27,8,35,115,58,8,181,729,85,995
SSC10286,0,0,0,29,12,0,41,83,3,127
SSC10287,8,0,8,25,9,0,34,107,28,169
SSC10288,17,3,20,126,82,10,218,524,45,787
SSC10289,3,0,3,28,3,0,31,87,11,129
SSC10290,0,0,0,62,15,0,77,166,5,248
SSC10291,6,0,6,60,29,0,89,246,27,362
SSC10292,137,14,154,171,91,10,272,831,92,1195
SSC10293,0,0,0,57,20,3,80,208,30,318
SSC10294,0,0,0,28,13,0,41,105,0,146
SSC10295,3,0,3,16,3,0,19,68,7,94
SSC10296,36,8,44,222,82,17,321,902,82,1305
SSC10297,6,3,9,38,30,3,71,251,7,329
SSC10298,3,0,3,30,3,6,39,121,14,174
SSC10299,0,0,0,60,22,0,82,192,11,285
SSC10300,4,0,4,33,12,0,45,113,14,172
SSC10301,0,0,0,76,45,0,121,220,7,348
SSC10302,132,40,172,1903,713,49,2665,8100,668,11433
SSC10303,148,16,167,1673,471,74,2218,4235,512,6965
SSC10304,0,0,0,0,0,0,0,0,0,0
SSC10305,0,0,0,0,6,0,6,4,0,10
SSC10306,10,4,17,331,118,22,471,1028,351,1850
SSC10307,9,0,9,533,145,21,699,902,57,1658
SSC10308,0,0,0,20,15,4,39,48,9,96
SSC10309,3,0,3,300,75,15,390,781,55,1226
SSC10310,0,3,3,83,27,3,113,244,19,376
SSC10311,7,6,13,303,77,26,406,638,54,1098
SSC10312,35,19,54,234,107,12,353,855,204,1412
SSC10313,0,0,0,60,29,0,89,239,16,344
SSC10314,6,0,6,116,43,0,159,365,32,556
SSC10315,279,51,334,1169,542,59,1770,4481,411,6662
SSC10316,26,6,32,165,63,6,234,655,74,963
SSC10317,0,0,0,0,0,0,0,0,0,0
SSC10318,11,0,11,143,91,15,249,648,71,968
SSC10319,0,0,0,14,10,6,30,100,12,142
SSC10320,59,16,75,1341,720,77,2138,4115,608,6861
SSC10321,0,0,0,55,30,3,88,147,11,246
SSC10322,37,5,42,256,103,9,368,733,99,1200
SSC10323,0,3,3,102,64,6,172,368,18,558
SSC10324,11,3,14,342,118,20,480,815,82,1377
SSC10325,0,0,0,46,23,0,69,151,9,229
SSC10326,14,0,14,126,52,10,188,406,49,643
SSC10327,0,0,0,46,15,3,64,130,18,212
SSC10328,5,0,5,39,7,0,46,172,13,231
SSC10329,11,0,11,418,213,7,638,1550,166,2354
SSC10330,3,0,3,19,12,0,31,63,18,112
SSC10331,0,0,0,80,34,3,117,263,18,398
SSC10332,11,6,17,160,51,3,214,634,88,936
SSC10333,0,0,0,36,15,3,54,103,6,163
SSC10334,3,0,3,42,24,0,66,135,9,210
SSC10335,0,0,0,76,27,6,109,197,13,319
SSC10336,0,0,0,57,26,4,87,160,16,263
SSC10337,153,33,192,1092,411,27,1530,4513,702,6745
SSC10338,11,3,14,119,87,6,212,467,40,719
SSC10339,11,3,14,364,138,22,524,1138,232,1894
SSC10340,6,0,6,36,12,0,48,112,6,166
SSC10341,21,3,24,245,100,12,357,846,97,1300
SSC10342,6,0,6,70,19,3,92,246,22,360
SSC10343,6,3,9,27,10,3,40,142,15,197
SSC10344,6,0,6,90,35,6,131,196,37,364
SSC10345,0,0,0,43,21,0,64,66,43,173
SSC10346,3,0,3,77,14,3,94,298,32,424
SSC10347,0,0,0,111,46,7,164,297,43,504
SSC10348,4,0,4,28,18,3,49,131,14,194
SSC10349,359,132,494,2568,1139,111,3818,9822,1761,15401
SSC10350,78,16,94,1157,396,50,1603,3287,665,5555
SSC10351,0,0,0,55,12,0,67,133,12,212
SSC10352,3,0,3,31,26,3,60,126,4,190
SSC10353,0,0,0,49,12,3,64,127,9,200
SSC10354,7,0,7,122,43,18,183,375,40,598
SSC10355,68,12,80,402,121,16,539,1461,177,2177
SSC10356,0,0,0,20,17,3,40,122,13,175
SSC10357,0,0,0,50,44,3,97,268,25,390
SSC10358,54,11,68,220,88,19,327,735,96,1158
SSC10359,3,3,6,40,28,0,68,209,26,303
SSC10360,11,0,11,67,37,0,104,336,24,464
SSC10361,0,0,0,28,9,0,37,89,21,147
SSC10362,0,0,0,50,34,3,87,134,6,227
SSC10363,54,11,68,219,101,29,349,887,159,1395
SSC10364,6,0,6,42,25,0,67,203,8,278
SSC10365,0,3,3,98,34,4,136,252,28,416
SSC10366,0,0,0,76,24,3,103,184,16,303
SSC10367,0,0,0,52,22,0,74,178,16,268
SSC10368,73,24,97,446,213,34,693,1730,262,2685
SSC10369,0,0,0,0,0,0,0,0,0,0
SSC10370,60,10,70,489,230,26,745,1743,166,2654
SSC10371,3,0,3,25,15,0,40,145,13,198
SSC10372,3,0,3,58,23,6,87,219,30,336
SSC10373,34,24,58,211,82,4,297,833,143,1273
SSC10374,3,3,6,62,30,0,92,166,30,288
SSC10375,13,0,13,213,82,22,317,591,53,961
SSC10376,87,17,104,1104,443,79,1626,2546,238,4410
SSC10377,3,3,6,31,16,0,47,140,21,208
SSC10378,3,3,6,59,16,0,75,136,14,225
SSC10379,0,0,0,26,12,3,41,59,6,106
SSC10380,83,3,86,322,141,20,483,1451,104,2038
SSC10381,15,0,21,142,35,6,183,402,37,622
SSC10382,26,5,35,310,171,36,517,902,119,1538
SSC10383,3,0,3,24,12,0,36,113,12,161
SSC10384,0,0,0,26,13,0,39,126,6,171
SSC10385,23,8,31,740,182,38,960,1578,134,2672
SSC10386,0,3,3,24,14,0,38,88,13,139
SSC10387,0,0,0,59,4,3,66,197,26,289
SSC10388,0,0,0,29,11,4,44,117,8,169
SSC10389,3,3,6,34,21,0,55,138,26,219
SSC10390,3,0,3,29,14,3,46,114,12,172
SSC10391,3,0,3,51,25,0,76,201,29,306
SSC10392,0,0,0,3,0,3,6,56,0,62
SSC10393,6,0,6,199,87,7,293,506,71,870
SSC10394,0,0,0,112,55,6,173,359,41,573
SSC10395,0,0,0,61,23,3,87,214,15,316
SSC10396,146,55,205,305,152,11,468,1533,186,2187
SSC10397,0,0,0,35,23,0,58,128,22,208
SSC10398,0,0,0,0,0,0,0,0,0,0
SSC10399,46,17,63,584,245,15,844,1637,146,2627
SSC10400,6,0,6,36,15,0,51,125,12,188
SSC10401,0,0,0,41,15,0,56,134,13,203
SSC10402,0,3,3,32,9,0,41,151,14,206
SSC10403,0,0,0,58,10,0,68,138,21,227
SSC10404,30,0,30,180,84,3,267,738,85,1090
SSC10405,3,0,3,149,31,10,190,437,53,680
SSC10406,0,0,0,53,34,4,91,168,27,286
SSC10407,0,0,0,54,36,7,97,155,16,268
SSC10408,6,0,6,21,21,3,45,73,6,124
SSC10409,209,81,300,1505,456,31,1992,8039,947,10978
SSC10410,12,21,33,117,66,3,186,406,91,683
SSC10411,14,12,26,557,164,16,737,1927,502,3166
SSC10412,14,0,14,148,63,9,220,522,29,771
SSC10413,5,0,5,418,111,21,550,836,95,1481
SSC10414,0,0,0,48,18,0,66,184,16,266
SSC10415,6,0,6,44,18,10,72,182,20,274
SSC10416,101,33,134,630,276,35,941,2965,463,4369
SSC10417,0,0,0,34,17,4,55,109,11,175
SSC10418,0,0,0,201,88,14,303,612,47,962
SSC10419,17,6,23,274,156,5,435,1066,113,1614
SSC10420,0,0,0,6,3,0,9,53,9,71
SSC10421,331,85,420,3133,627,31,3791,10917,1780,16488
SSC10422,80,14,94,958,310,24,1292,3573,451,5316
SSC10423,3,6,9,58,22,3,83,175,27,285
SSC10424,0,0,0,25,12,0,37,115,20,172
SSC10425,23,0,23,609,250,29,888,1564,111,2563
SSC10426,0,3,3,49,13,0,62,118,27,207
SSC10427,5,0,5,33,11,0,44,94,6,144
SSC10428,4,0,4,37,9,0,46,133,16,195
SSC10429,0,0,0,3,15,0,18,582,51,651
SSC10430,18,6,28,335,91,17,443,1057,162,1662
SSC10431,12,8,23,96,43,4,143,413,75,631
SSC10432,6,4,10,53,31,0,84,225,18,327
SSC10433,0,0,0,31,4,6,41,89,21,151
SSC10434,0,0,0,31,11,0,42,106,21,169
SSC10435,7,6,13,247,69,16,332,541,49,922
SSC10436,11,0,11,366,168,23,557,952,66,1575
SSC10437,50,11,64,1048,458,63,1569,2959,334,4862
SSC10438,152,19,171,493,210,28,731,1782,165,2678
SSC10439,7,0,7,24,12,3,39,99,6,144
SSC10440,0,0,0,457,114,20,591,673,42,1306
SSC10441,47,8,58,755,369,37,1161,2140,176,3477
SSC10442,49,3,55,1192,344,47,1583,2129,110,3822
SSC10443,61,20,85,1079,344,48,1471,3860,418,5749
SSC10444,161,35,196,1511,659,66,2236,5474,749,8459
SSC10445,32,5,37,644,287,35,966,5536,774,7276
SSC10446,218,29,251,3256,778,31,4065,11918,1634,17617
SSC10447,22,4,26,239,66,6,311,689,52,1052
SSC10448,6,0,6,128,55,15,198,335,42,575
SSC10449,3,0,3,26,9,0,35,90,22,147
SSC10450,8,0,8,108,47,9,164,266,14,444
SSC10451,92,14,109,1566,479,28,2073,5540,614,8227
SSC10452,139,52,191,1352,346,18,1716,5016,639,7371
SSC10453,0,0,0,84,44,9,137,248,13,398
SSC10454,0,0,0,52,15,3,70,172,6,248
SSC10455,66,14,80,339,140,22,501,1319,105,1925
SSC10456,67,15,82,916,274,27,1217,3468,461,5146
SSC10457,51,13,64,98,60,6,164,680,110,954
SSC10458,0,0,3,34,15,0,49,105,3,157
SSC10459,0,3,3,42,19,0,61,217,36,314
SSC10460,4,0,4,129,41,7,177,341,75,593
SSC10461,0,3,3,34,10,3,47,107,18,172
SSC10462,10,0,10,120,42,0,162,330,37,529
SSC10463,140,25,165,967,453,47,1467,2911,281,4659
SSC10464,107,9,116,189,81,12,282,747,47,1076
SSC10465,38,6,47,548,192,29,769,1476,122,2367
SSC10466,80,18,98,86,86,3,175,578,67,820
SSC10467,4,0,4,104,26,9,139,263,29,431
SSC10468,0,0,0,24,8,0,32,106,7,145
SSC10469,270,57,336,1827,691,73,2591,5694,711,8996
SSC10470,220,40,260,2092,918,106,3116,5719,433,9268
SSC10471,268,164,432,3733,1338,122,5193,11379,1040,17612
SSC10472,132,19,151,1689,505,31,2225,5157,623,8005
SSC10473,3,3,6,76,24,0,100,194,71,365
SSC10474,3,0,3,18,3,0,21,39,0,60
SSC10475,92,4,100,493,112,5,610,1813,295,2718
SSC10476,0,0,0,56,21,3,80,130,15,225
SSC10477,18,6,24,256,104,12,372,1073,130,1575
SSC10478,0,0,0,29,0,0,29,88,20,137
SSC10479,3,0,3,58,24,0,82,199,14,295
SSC10480,27,7,34,235,97,6,338,595,33,966
SSC10481,12,3,15,297,85,0,382,1166,223,1771
SSC10482,3,0,3,18,12,6,36,105,10,151
SSC10483,6,0,9,218,78,0,296,754,119,1169
SSC10484,266,92,362,1457,645,72,2174,5319,809,8302
SSC10485,3,0,3,51,14,3,68,182,21,271
SSC10486,76,10,90,495,165,16,676,1242,102,2020
SSC10487,4,0,4,62,34,0,96,252,16,364
SSC10488,797,318,1128,6523,2274,241,9038,19830,1711,30579
SSC10489,0,0,0,56,18,0,74,157,28,259
SSC10490,54,8,66,626,165,19,810,1314,130,2254
SSC10491,10,0,10,150,67,0,217,589,46,852
SSC10492,0,0,0,375,81,23,479,665,67,1211
SSC10493,126,29,159,2446,670,63,3179,7052,1121,11352
SSC10494,94,9,103,305,138,10,453,1354,172,1979
SSC10495,7,3,10,220,103,0,323,788,152,1263
SSC10496,6,0,6,82,26,4,112,188,47,347
SSC10497,5,0,5,117,59,3,179,322,34,535
SSC10498,53,8,65,602,314,38,954,2091,200,3245
SSC10499,7,0,7,64,39,0,103,233,31,367
SSC10500,0,0,0,35,18,6,59,111,16,186
SSC10501,20,0,23,1206,314,36,1556,3417,277,5250
SSC10502,12,0,12,265,74,5,344,697,98,1139
SSC10503,6,0,6,33,20,0,53,227,12,292
SSC10504,10,3,13,210,140,7,357,1372,181,1910
SSC10505,3,3,6,48,14,0,62,133,32,227
SSC10506,3,0,3,48,27,0,75,241,23,339
SSC10507,386,53,439,1972,972,107,3051,6592,1424,11067
SSC10508,36,9,45,319,146,6,471,1459,137,2067
SSC10509,0,0,0,33,14,0,47,125,10,182
SSC10510,0,0,0,3,28,0,31,500,32,563
SSC10511,270,44,314,1992,969,90,3051,6638,544,10233
SSC10512,42,7,49,337,165,23,525,1171,138,1834
SSC10513,466,52,518,3448,831,100,4379,12111,1392,17882
SSC10514,21,8,29,308,94,5,407,651,65,1123
SSC10515,3,3,6,28,15,6,49,95,24,168
SSC10516,22,0,25,346,148,19,513,1126,45,1684
SSC10517,357,30,395,3221,1083,100,4404,10317,507,15228
SSC10518,251,40,291,1753,511,46,2310,6318,625,9253
SSC10519,66,6,72,510,193,20,723,1624,185,2532
SSC10520,0,0,0,25,15,3,43,98,8,149
SSC10521,4,0,4,37,12,6,55,167,18,240
SSC10522,26,9,35,133,65,6,204,962,157,1323
SSC10523,10,0,10,178,93,6,277,3061,551,3889
SSC10524,102,11,113,1337,581,38,1956,4786,439,7181
SSC10525,0,0,0,15,15,3,33,116,9,158
SSC10526,36,7,46,373,128,5,506,1491,146,2143
SSC10527,17,10,27,313,167,19,499,930,101,1530
SSC10528,7,4,11,149,82,16,247,452,25,724
SSC10529,8,7,15,170,106,6,282,600,64,946
SSC10530,0,0,0,25,5,0,30,125,18,173
SSC10531,8,3,11,915,173,44,1132,1737,140,3009
SSC10532,0,0,0,31,12,0,43,121,30,194
SSC10533,9,0,9,293,109,17,419,836,57,1312
SSC10534,0,0,0,15,0,0,15,71,6,92
SSC10535,0,3,3,104,51,9,164,256,17,437
SSC10536,3,3,6,447,124,23,594,1012,400,2006
SSC10537,30,6,36,268,72,7,347,792,91,1230
SSC10538,0,0,0,26,25,0,51,84,11,146
SSC10539,3,0,3,147,60,3,210,429,19,658
SSC10540,35,4,39,332,121,15,468,789,61,1318
SSC10541,0,0,0,63,25,0,88,184,17,289
SSC10542,58,14,72,866,243,48,1157,2175,284,3616
SSC10543,11,0,11,183,71,12,266,457,20,743
SSC10544,3,3,6,76,32,0,108,225,33,366
SSC10545,0,0,0,0,0,0,0,0,0,0
SSC10546,41,6,47,242,157,18,417,966,86,1469
SSC10547,3,0,3,31,9,3,43,108,4,155
SSC10548,3,0,3,40,10,0,50,122,4,176
SSC10549,44,8,52,627,194,30,851,1811,303,2965
SSC10550,14,0,14,96,38,8,142,305,31,478
SSC10551,20,0,20,171,62,4,237,561,46,844
SSC10552,3,0,3,37,18,0,55,134,9,198
SSC10553,568,198,770,3490,1503,181,5174,13286,1694,20154
SSC10554,22,3,25,234,89,12,335,625,52,1012
SSC10555,0,0,0,0,0,0,0,0,0,0
SSC10556,14,3,17,229,70,19,318,537,51,906
SSC10557,12,6,18,111,50,4,165,404,41,610
SSC10558,223,43,271,2805,960,118,3883,6851,618,11352
SSC10559,7,0,7,88,22,4,114,185,14,313
SSC10560,0,3,3,45,9,0,54,104,15,173
SSC10561,0,0,0,23,10,0,33,104,0,137
SSC10562,0,0,0,37,10,0,47,40,3,90
SSC10563,0,0,0,89,35,3,127,332,26,485
SSC10564,0,0,0,48,15,3,66,171,26,263
SSC10565,8,0,8,341,108,22,471,778,69,1318
SSC10566,0,0,0,0,0,0,0,0,0,0
SSC10567,42,9,51,1285,515,53,1853,3934,465,6252
SSC10568,0,0,0,12,6,0,18,44,3,65
SSC10569,6,6,12,45,17,0,62,299,36,397
SSC10570,0,0,0,12,6,0,18,76,5,99
SSC10571,33,8,41,780,239,49,1068,1729,100,2897
SSC10572,0,0,0,12,3,0,15,15,3,33
SSC10573,0,0,0,49,12,0,61,115,15,191
SSC10574,294,42,339,2382,791,77,3250,7475,688,11413
SSC10575,89,9,98,959,293,40,1292,3109,323,4724
SSC10576,143,25,175,1583,578,31,2192,5045,775,8012
SSC10577,61,14,75,577,240,24,841,1861,228,2930
SSC10578,3,0,3,55,22,0,77,154,9,240
SSC10579,6,0,6,73,43,7,123,271,17,411
SSC10580,3,0,3,57,27,0,84,190,13,287
SSC10581,0,0,0,40,27,3,70,114,29,213
SSC10582,0,0,0,32,7,6,45,128,6,179
SSC10583,59,7,66,310,174,11,495,1197,113,1805
SSC10584,10,6,16,57,19,3,79,176,25,280
SSC10585,63,13,76,446,168,7,621,1436,140,2197
SSC10586,25,9,34,686,234,30,950,2174,227,3351
SSC10587,150,34,190,1906,662,76,2644,8337,1185,12166
SSC10588,0,4,4,37,15,0,52,100,15,167
SSC10589,0,0,0,32,17,3,52,125,20,197
SSC10590,7,0,7,69,20,6,95,266,39,400
SSC10591,39,7,46,412,203,31,646,2297,223,3166
SSC10592,3,0,3,68,31,6,105,173,26,304
SSC10593,3,3,6,60,23,0,83,165,33,281
SSC10594,0,0,0,41,8,0,49,140,35,224
SSC10595,29,0,29,235,69,9,313,596,64,973
SSC10596,56,13,69,360,147,22,529,1008,117,1654
SSC10597,4,0,4,48,27,3,78,144,12,234
SSC10598,0,0,0,53,27,0,80,212,39,331
SSC10599,195,29,227,992,354,52,1398,3553,462,5413
SSC10600,3,0,3,19,8,4,31,165,28,224
SSC10601,6,3,9,32,20,0,52,278,50,380
SSC10602,11,3,14,145,70,6,221,395,25,641
SSC10603,102,25,131,403,187,28,618,1661,274,2553
SSC10604,49,9,61,401,146,12,559,1563,222,2344
SSC10605,3,0,3,55,19,6,80,210,18,308
SSC10606,9,0,9,75,24,3,102,272,43,417
SSC10607,0,0,0,46,17,0,63,147,10,220
SSC10608,0,3,3,47,27,0,74,166,35,275
SSC10609,6,3,13,63,26,0,89,237,36,362
SSC10610,237,24,261,705,344,49,1098,2816,221,4135
SSC10611,162,26,188,919,489,63,1471,3519,456,5446
SSC10612,0,0,0,80,15,0,95,232,21,348
SSC10613,13,6,22,538,202,16,756,1174,136,2066
SSC10614,0,3,3,66,16,7,89,271,34,394
SSC10615,44,6,50,207,78,16,301,725,112,1138
SSC10616,0,0,0,15,0,0,15,59,3,77
SSC10617,6,0,6,126,44,6,176,421,24,621
SSC10618,3,0,3,48,20,0,68,161,15,244
SSC10619,18,3,21,899,300,40,1239,2327,124,3690
SSC10620,3,0,3,67,23,6,96,175,25,296
SSC10621,7,0,7,279,68,15,362,654,78,1094
SSC10622,144,17,161,719,318,45,1082,2495,235,3812
SSC10623,0,0,0,57,29,6,92,168,19,279
SSC10624,121,81,208,810,331,44,1185,2979,427,4591
SSC10625,178,28,209,1013,467,39,1519,3393,344,5256
SSC10626,0,0,0,12,12,0,24,63,16,103
SSC10627,8,0,8,38,15,0,53,137,9,199
SSC10628,0,0,0,47,16,0,63,150,9,222
SSC10629,4,0,4,162,57,14,233,532,43,808
SSC10630,0,3,3,120,24,4,148,243,17,408
SSC10631,251,40,291,1373,537,81,1991,5035,815,7841
SSC10632,0,0,0,24,4,0,28,76,17,121
SSC10633,3,3,6,39,12,3,54,168,25,247
SSC10634,39,6,51,2864,893,156,3913,6505,647,11065
SSC10635,0,0,0,0,0,0,0,0,0,0
SSC10636,3,0,3,31,11,3,45,158,23,226
SSC10637,141,40,181,1520,514,44,2078,6418,1002,9498
SSC10638,31,8,39,292,129,5,426,1147,148,1721
SSC10639,24,0,24,232,71,11,314,897,103,1314
SSC10640,47,13,63,633,291,23,947,2441,364,3752
SSC10641,25,3,28,280,121,12,413,1059,190,1662
SSC10642,131,27,164,1423,523,61,2007,3309,288,5604
SSC10643,377,85,466,2204,1357,93,3654,10206,1096,14956
SSC10644,65,11,76,303,157,17,477,1469,152,2098
SSC10645,0,0,5,81,16,0,97,201,19,317
SSC10646,3,0,3,100,56,5,161,258,12,431
SSC10647,0,0,0,0,0,0,0,0,0,0
SSC10648,0,0,0,18,17,0,35,137,22,194
SSC10649,16,6,22,528,186,18,732,2477,322,3531
SSC10650,215,58,280,1693,557,64,2314,5649,616,8579
SSC10651,122,32,157,1798,525,52,2375,5707,636,8718
SSC10652,3,0,3,59,30,9,98,194,28,320
SSC10653,4,3,7,113,31,3,147,337,33,517
SSC10654,8,0,8,143,76,7,226,406,36,668
SSC10655,3,0,3,62,29,3,94,180,24,298
SSC10656,6,0,6,28,11,3,42,160,18,220
SSC10657,122,20,142,289,153,23,465,1663,197,2325
SSC10658,35,6,41,227,99,16,342,653,112,1107
SSC10659,0,0,0,29,6,3,38,90,14,142
SSC10660,6,3,9,243,62,6,311,584,33,928
SSC10661,0,0,0,37,3,0,40,89,19,148
SSC10662,6,0,6,42,21,0,63,127,18,208
SSC10663,0,0,0,20,5,0,25,229,56,310
SSC10664,6,0,6,104,43,0,147,299,30,476
SSC10665,89,22,111,297,137,19,453,1052,157,1662
SSC10666,3,3,6,23,10,0,33,126,6,165
SSC10667,38,8,46,474,140,22,636,1099,105,1840
SSC10668,10,0,10,147,40,0,187,499,77,763
SSC10669,0,0,0,54,29,12,95,230,19,344
SSC10670,4,3,7,45,25,3,73,176,15,264
SSC10671,3,3,6,30,11,6,47,121,15,183
SSC10672,20,0,20,1202,221,58,1481,1901,173,3555
SSC10673,15,0,15,57,22,0,79,270,39,388
SSC10674,0,0,0,46,16,0,62,108,0,170
SSC10675,69,15,84,99,54,3,156,731,147,1034
SSC10676,35,16,51,52,51,3,106,375,62,543
SSC10677,6,0,6,32,10,3,45,130,19,194
SSC10678,131,53,184,214,97,6,317,1147,207,1671
SSC10679,0,0,0,17,7,0,24,46,8,78
SSC10680,6,0,6,45,13,0,58,131,15,204
SSC10681,0,0,0,14,10,0,24,85,21,130
SSC10682,0,0,0,39,22,3,64,155,6,225
SSC10683,151,71,227,1730,843,113,2686,5200,680,8566
SSC10684,3,0,3,61,4,0,65,181,12,258
SSC10685,3,0,3,35,14,0,49,201,22,272
SSC10686,10,4,14,59,28,0,87,298,38,423
SSC10687,0,0,0,16,0,0,16,60,15,91
SSC10688,31,0,31,29,7,3,39,179,15,233
SSC10689,0,3,3,41,11,4,56,110,12,178
SSC10690,177,60,237,390,268,8,666,2390,466,3522
SSC10691,30,13,43,496,302,19,817,7419,1407,9643
SSC10692,3,0,3,92,40,5,137,247,18,402
SSC10693,6,3,9,155,85,12,252,1626,211,2089
SSC10694,0,0,0,191,54,0,245,587,109,941
SSC10695,4,0,4,157,62,11,230,368,27,625
SSC10696,18,0,18,425,206,18,649,1193,87,1929
SSC10697,79,21,100,362,180,23,565,1267,133,1965
SSC10698,6,3,9,54,34,0,88,331,74,493
SSC10699,69,6,75,585,132,16,733,1495,163,2391
SSC10700,209,50,262,3224,967,125,4316,11185,1220,16721
SSC10701,0,0,0,46,12,0,58,180,20,258
SSC10702,7,0,7,42,20,4,66,126,12,204
SSC10703,11,0,11,59,28,3,90,269,30,389
SSC10704,3,0,3,66,42,0,108,254,41,403
SSC10705,6,0,6,92,31,0,123,289,31,443
SSC10706,15,0,15,192,109,4,305,980,84,1369
SSC10707,52,7,59,49,28,6,83,345,34,462
SSC10708,161,51,215,1094,456,38,1588,3880,591,6059
SSC10709,57,8,68,653,216,25,894,1872,107,2873
SSC10710,37,4,41,399,117,18,534,1042,58,1634
SSC10711,17,0,17,189,39,12,240,440,32,712
SSC10712,36,3,39,293,112,24,429,865,109,1403
SSC10713,3,0,3,41,14,6,61,165,32,258
SSC10714,9,0,9,377,165,21,563,1344,208,2115
SSC10715,4,0,4,134,45,13,192,460,42,694
SSC10716,6,0,6,19,7,3,29,99,12,140
SSC10717,6,3,9,90,32,3,125,297,22,444
SSC10718,52,14,66,291,79,0,370,1045,101,1516
SSC10719,13,0,13,32,14,3,49,116,13,178
SSC10720,4,0,4,75,46,3,124,409,47,580
SSC10721,6,3,9,18,19,0,37,162,18,217
SSC10722,105,16,121,1937,695,79,2711,6659,874,10244
SSC10723,0,0,0,64,34,6,104,173,17,294
SSC10724,33,11,44,219,130,4,353,985,63,1401
SSC10725,50,11,61,216,103,24,343,806,93,1242
SSC10726,137,28,169,527,274,8,809,2774,505,4088
SSC10727,3,0,3,32,21,0,53,147,7,207
SSC10728,7,0,7,233,72,10,315,648,45,1008
SSC10729,75,16,91,710,254,15,979,1941,196,3116
SSC10730,4,0,4,89,25,6,120,191,9,320
SSC10731,3,3,6,64,14,0,78,127,24,229
SSC10732,17,6,23,16,22,0,38,282,67,387
SSC10733,4,0,4,37,18,3,58,238,35,331
SSC10734,216,101,321,1742,592,49,2383,6215,980,9578
SSC10735,564,93,668,5280,2232,339,7851,15472,1701,25024
SSC10736,0,3,3,50,32,7,89,183,21,293
SSC10737,3,0,3,35,20,0,55,98,3,156
SSC10738,25,6,31,378,221,26,625,1121,85,1831
SSC10739,6,0,6,77,22,5,104,236,18,358
SSC10740,3,0,3,43,18,0,61,179,22,262
SSC10741,115,17,132,2046,598,121,2765,7022,943,10730
SSC10742,0,0,0,7,6,3,16,45,3,64
SSC10743,7,3,10,48,22,0,70,183,22,275
SSC10744,21,3,24,93,49,6,148,647,59,854
SSC10745,37,8,45,687,166,20,873,2029,196,3098
SSC10746,43,10,53,807,196,33,1036,2432,244,3712
SSC10747,0,0,0,23,19,0,42,119,11,172
SSC10748,0,0,0,21,13,3,37,113,0,150
SSC10749,28,5,33,137,75,9,221,657,116,994
SSC10750,3,0,3,43,21,0,64,183,22,269
SSC10751,80,9,89,279,163,23,465,1164,127,1756
SSC10752,4,0,4,95,32,3,130,255,19,404
SSC10753,0,3,3,37,18,4,59,140,22,221
SSC10754,12,3,15,137,39,7,183,428,34,645
SSC10755,3,0,3,84,43,5,132,237,13,382
SSC10756,174,22,200,1214,468,55,1737,3930,308,5975
SSC10757,4,0,4,43,23,0,66,131,24,221
SSC10758,3,0,3,96,31,3,130,259,24,413
SSC10759,0,0,0,43,9,0,52,131,37,220
SSC10760,3,8,11,49,15,0,64,208,8,280
SSC10761,16,0,16,987,325,45,1357,2747,320,4424
SSC10762,0,0,0,31,25,0,56,112,15,183
SSC10763,317,53,376,2810,1116,61,3987,8825,842,13654
SSC10764,137,28,165,979,349,39,1367,3347,352,5066
SSC10765,84,22,106,711,332,35,1078,3078,329,4485
SSC10766,13,3,16,288,89,22,399,741,66,1206
SSC10767,7,0,7,390,127,26,543,646,69,1258
SSC10768,0,3,3,67,27,6,100,195,41,336
SSC10769,54,7,61,518,219,26,763,1708,132,2603
SSC10770,144,26,170,532,258,23,813,2225,294,3332
SSC10771,9,0,9,40,18,4,62,176,18,256
SSC10772,56,9,68,504,212,19,735,1761,167,2663
SSC10773,6,7,13,101,19,0,120,191,113,424
SSC10774,32,0,32,195,97,14,306,660,66,1032
SSC10775,35,0,35,527,175,21,723,1500,107,2330
SSC10776,10,0,10,405,133,14,552,949,105,1606
SSC10777,128,21,152,746,204,25,975,1561,181,2717
SSC10778,151,18,169,711,327,56,1094,2764,231,4089
SSC10779,271,57,328,1740,864,100,2704,5603,651,8958
SSC10780,42,4,46,411,154,29,594,1132,117,1843
SSC10781,3,0,3,69,29,0,98,172,23,293
SSC10782,108,17,125,744,339,47,1130,2797,351,4278
SSC10783,3,0,3,26,16,0,42,162,6,210
SSC10784,7,6,13,117,54,6,177,360,72,609
SSC10785,29,3,32,129,44,0,173,468,37,678
SSC10786,89,13,102,1068,260,18,1346,3662,614,5622
SSC10787,275,52,331,2577,792,76,3445,9263,907,13615
SSC10788,0,4,4,53,27,6,86,208,21,315
SSC10789,6,3,9,175,53,6,234,444,68,746
SSC10790,0,0,0,48,13,9,70,151,24,245
SSC10791,71,12,83,391,172,20,583,1736,185,2504
SSC10792,3,0,3,80,22,5,107,319,32,458
SSC10793,50,3,57,1395,466,33,1894,5287,415,7596
SSC10794,88,11,99,195,116,6,317,1295,193,1805
SSC10795,169,19,188,1019,530,62,1611,3096,347,5054
SSC10796,0,0,0,17,7,0,24,156,10,190
SSC10797,9,0,9,48,37,6,91,221,27,339
SSC10798,12,0,12,424,159,17,600,886,73,1559
SSC10799,3,0,3,52,29,3,84,190,60,334
SSC10800,29,6,38,807,299,33,1139,1662,156,2957
SSC10801,27,10,37,825,293,46,1164,1925,152,3241
SSC10802,92,11,103,915,531,53,1499,2821,181,4501
SSC10803,67,44,111,837,436,48,1321,2598,286,4205
SSC10804,92,117,212,290,201,7,498,3622,756,4876
SSC10805,0,4,4,37,7,3,47,126,13,186
SSC10806,0,0,0,0,0,0,0,0,0,0
SSC10807,4,0,4,159,36,11,206,364,21,591
SSC10808,3,0,3,104,35,0,139,255,36,430
SSC10809,0,0,0,40,11,4,55,121,21,197
SSC10810,7,0,7,36,9,0,45,188,28,261
SSC10811,3,3,6,87,12,0,99,200,27,326
SSC10812,6,0,6,128,86,7,221,406,22,649
SSC10813,0,0,0,39,27,0,66,140,15,221
SSC10814,6,0,6,101,39,12,152,239,28,419
SSC10815,0,3,3,67,18,0,85,184,9,278
SSC10816,14,4,21,355,109,26,490,1125,105,1720
SSC10817,0,0,0,43,14,0,57,132,17,206
SSC10818,8,5,13,348,138,12,498,1021,245,1764
SSC10819,14,0,14,81,29,6,116,419,63,598
SSC10820,19,10,29,413,149,23,585,1067,133,1785
SSC10821,4,0,4,65,26,3,94,182,21,297
SSC10822,9,3,15,653,212,44,909,1545,119,2573
SSC10823,150,28,178,1346,669,70,2085,3918,544,6547
SSC10824,37,8,45,404,124,9,537,1516,184,2237
SSC10825,134,16,154,3424,1449,181,5054,7377,529,12960
SSC10826,0,0,0,56,19,4,79,189,33,301
SSC10827,20,6,29,425,166,18,609,2180,356,3145
SSC10828,0,0,0,43,0,0,43,93,11,147
SSC10829,345,42,391,3392,1045,106,4543,11696,680,16919
SSC10830,3,0,3,50,23,0,73,128,17,218
SSC10831,359,178,543,533,280,42,855,2679,469,4003
SSC10832,8,0,8,72,28,9,109,198,13,320
SSC10833,202,33,239,1591,482,48,2121,5000,541,7662
SSC10834,3,3,6,68,33,3,104,320,28,452
SSC10835,24,0,24,1184,338,56,1578,3303,276,5157
SSC10836,13,9,22,844,257,49,1150,4682,261,6093
SSC10837,0,0,0,72,10,0,82,157,21,260
SSC10838,13,0,13,445,177,28,650,1246,167,2063
SSC10839,48,5,53,334,85,11,430,966,72,1468
SSC10840,168,31,199,564,293,31,888,2591,428,3907
SSC10841,0,3,3,41,18,0,59,103,9,171
SSC10842,3,3,6,58,26,0,84,181,33,298
SSC10843,20,4,24,131,54,0,185,514,53,752
SSC10844,0,0,0,35,13,3,51,80,7,138
SSC10845,0,0,0,147,34,12,193,329,45,567
SSC10846,6,0,6,40,32,3,75,224,57,356
SSC10847,0,0,0,52,24,9,85,191,9,285
SSC10848,4,0,4,36,6,3,45,165,19,229
SSC10849,4,0,4,46,20,0,66,134,19,219
SSC10850,4,3,7,54,14,0,68,155,13,236
SSC10851,6,0,6,29,12,3,44,126,12,182
SSC10852,3,0,3,49,31,0,80,155,16,251
SSC10853,0,4,4,131,48,3,182,362,62,606
SSC10854,65,20,89,362,144,18,524,1581,172,2277
SSC10855,0,0,0,37,13,3,53,121,9,183
SSC10856,0,3,3,44,27,6,77,321,20,418
SSC10857,0,0,0,40,15,3,58,146,22,226
SSC10858,0,3,3,31,0,0,31,158,15,204
SSC10859,0,6,6,118,39,6,163,379,44,586
SSC10860,8,7,15,130,63,7,200,435,54,689
SSC10861,4,0,4,56,21,3,80,318,30,428
SSC10862,155,48,206,2391,562,48,3001,9495,977,13473
SSC10863,84,10,94,710,188,15,913,2684,319,3916
SSC10864,80,9,89,835,267,18,1120,3730,400,5250
SSC10865,62,9,74,1529,504,24,2057,5783,604,8444
SSC10866,87,21,108,995,321,46,1362,2899,286,4547
SSC10867,0,0,0,52,20,3,75,140,20,235
SSC10868,128,22,154,938,406,50,1394,3741,347,5482
SSC10869,3,0,3,154,76,9,239,533,27,799
SSC10870,6,0,6,40,15,0,55,174,8,237
SSC10871,3,3,6,41,16,0,57,122,16,195
SSC10872,78,6,84,822,320,36,1178,1966,133,3277
SSC10873,9,3,12,93,60,3,156,341,27,524
SSC10874,29,11,43,731,319,44,1094,1951,125,3170
SSC10875,3,0,3,36,9,0,45,153,6,204
SSC10876,3,0,3,64,13,0,77,196,21,294
SSC10877,8,3,11,148,31,9,188,319,50,557
SSC10878,22,6,28,205,130,17,352,800,65,1217
SSC10879,26,8,34,202,98,6,306,970,116,1392
SSC10880,0,0,0,0,0,0,0,0,0,0
SSC10881,24,9,33,145,70,6,221,558,88,867
SSC10882,3,0,3,58,20,0,78,127,8,213
SSC10883,4,0,4,67,25,4,96,189,10,295
SSC10884,6,0,6,35,9,6,50,123,19,192
SSC10885,0,0,0,3,0,0,3,0,0,3
SSC10886,0,0,0,36,23,0,59,138,12,209
SSC10887,6,3,9,49,17,6,72,130,21,223
SSC10888,176,24,206,1929,951,100,2980,4995,467,8442
SSC10889,68,42,110,132,84,0,216,899,213,1328
SSC10890,7,6,13,101,31,9,141,225,65,431
SSC10891,51,53,107,336,144,18,498,1311,260,2069
SSC10892,4,0,4,62,22,0,84,319,22,425
SSC10893,0,0,0,0,0,0,0,0,0,0
SSC10894,6,0,6,61,19,3,83,222,32,337
SSC10895,4,0,4,41,9,4,54,171,13,238
SSC10896,22,0,22,139,94,8,241,610,52,903
SSC10897,3,3,6,30,14,0,44,109,15,168
SSC10898,135,60,195,1502,465,51,2018,4679,493,7190
SSC10899,6,0,6,655,189,40,884,989,68,1941
SSC10900,28,0,28,1159,302,51,1512,2138,183,3833
SSC10901,6,0,6,310,119,15,444,695,44,1183
SSC10902,166,41,207,1045,429,42,1516,3999,469,5984
SSC10903,6,0,6,361,93,28,482,1180,91,1753
SSC10904,8,3,11,341,98,19,458,1760,175,2393
SSC10905,0,0,0,88,23,6,117,215,9,341
SSC10906,209,29,242,1557,488,67,2112,3585,354,6051
SSC10907,28,5,33,459,164,28,651,1192,127,1970
SSC10908,411,212,630,1472,674,92,2238,7748,1152,11138
SSC10909,0,0,0,34,12,3,49,83,15,147
SSC10910,3,0,3,32,18,0,50,133,9,192
SSC10911,7,0,7,96,56,6,158,354,17,529
SSC10912,3,0,3,25,21,0,46,134,21,201
SSC10913,3,0,3,48,37,4,89,230,13,332
SSC10914,55,3,58,200,85,18,303,608,74,985
SSC10915,0,0,0,0,0,0,0,11,0,11
SSC10916,16,3,19,358,152,15,525,1020,124,1669
SSC10917,113,16,132,2688,916,152,3756,5901,405,10062
SSC10918,112,23,139,1540,415,89,2044,4217,429,6690
SSC10919,6,0,6,54,9,0,63,211,22,296
SSC10920,0,0,0,40,26,0,66,162,35,263
SSC10921,13,0,13,52,18,0,70,178,21,269
SSC10922,104,13,121,458,245,28,731,1599,101,2431
SSC10923,0,0,0,40,37,0,77,205,9,291
SSC10924,11,3,14,79,48,6,133,309,34,476
SSC10925,6,3,9,92,15,6,113,288,28,429
SSC10926,21,7,28,339,196,18,553,912,62,1527
SSC10927,3,3,6,29,18,0,47,94,11,152
SSC10928,42,6,51,557,263,44,864,1722,223,2809
SSC10929,14,7,21,88,54,0,142,297,32,471
SSC10930,234,12,246,1342,575,34,1951,4383,516,6850
SSC10931,0,0,0,64,21,3,88,179,7,274
SSC10932,41,6,47,345,127,23,495,1057,81,1633
SSC10933,4,0,4,49,8,6,63,115,14,192
SSC10934,3,0,6,102,37,0,139,249,11,399
SSC10935,164,26,190,532,220,60,812,1834,128,2774
SSC10936,12,3,15,97,59,5,161,424,47,632
SSC10937,7,3,10,148,65,4,217,407,61,685
SSC10938,3,0,3,28,3,0,31,96,33,160
SSC10939,74,4,78,22,34,0,56,253,13,322
SSC10940,6,0,6,104,33,6,143,356,55,554
SSC10941,74,27,101,427,188,19,634,1659,232,2525
SSC10942,3,3,6,22,3,3,28,120,3,151
SSC10943,6,0,6,60,34,3,97,205,27,329
SSC10944,21,3,24,231,100,8,339,697,71,1107
SSC10945,0,0,0,26,24,4,54,156,6,216
SSC10946,0,0,0,37,9,0,46,65,9,120
SSC10947,21,3,24,179,85,12,276,790,51,1117
SSC10948,3,0,3,30,19,6,55,109,6,170
SSC10949,0,0,0,30,13,0,43,98,12,153
SSC10950,48,6,54,897,217,16,1130,2268,234,3632
SSC10951,225,33,266,1943,582,105,2630,5816,451,8897
SSC10952,13,0,13,58,27,0,85,192,33,310
SSC10953,91,20,111,981,491,49,1521,7365,1125,10011
SSC10954,22,3,25,646,331,23,1000,2419,200,3619
SSC10955,3,0,3,43,12,0,55,173,14,242
SSC10956,167,27,194,813,365,45,1223,3349,403,4975
SSC10957,0,0,0,58,22,0,80,150,15,245
SSC10958,3,0,3,24,15,6,45,150,9,204
SSC10959,39,13,52,934,366,55,1355,2410,113,3878
SSC10960,0,0,0,64,22,3,89,176,18,283
SSC10961,54,6,63,554,248,15,817,1684,156,2657
SSC10962,10,0,10,1185,209,25,1419,1992,165,3576
SSC10963,0,0,0,57,21,0,78,132,16,226
SSC10964,47,239,286,1252,336,30,1618,3785,728,6131
SSC10965,85,10,95,1068,277,43,1388,2383,192,3963
SSC10966,96,6,105,989,399,48,1436,3329,210,4975
SSC10967,3,0,3,61,31,3,95,246,13,354
SSC10968,63,9,72,4479,1105,205,5789,8550,597,14936
SSC10969,18,3,21,386,134,20,540,987,63,1590
SSC10970,27,6,37,569,202,29,800,1696,163,2659
SSC10971,0,0,0,42,20,7,69,125,9,203
SSC10972,9,0,9,147,26,6,179,427,46,652
SSC10973,6,0,6,52,18,6,76,183,21,280
SSC10974,0,0,0,75,10,0,85,189,11,285
SSC10975,18,6,24,532,200,22,754,1453,110,2317
SSC10976,0,0,0,31,16,0,47,115,136,298
SSC10977,0,0,0,41,26,0,67,119,12,198
SSC10978,3,0,3,46,20,0,66,126,7,199
SSC10979,31,8,42,3382,691,99,4172,6639,442,11253
SSC10980,9,4,13,560,176,30,766,1337,108,2211
SSC10981,94,21,115,384,157,16,557,1689,157,2403
SSC10982,3,0,3,43,0,0,43,99,0,142
SSC10983,6,0,6,62,19,0,81,182,23,286
SSC10984,0,3,6,33,9,0,42,72,13,127
SSC10985,0,0,0,28,13,0,41,94,0,135
SSC10986,8,8,16,268,101,25,394,719,102,1215
SSC10987,6,0,6,31,13,0,44,117,22,183
SSC10988,0,0,0,0,0,0,0,0,0,0
SSC10989,3,0,3,28,7,3,38,134,16,188
SSC10990,3,3,6,45,25,0,70,174,11,255
SSC10991,3,0,3,202,94,6,302,578,22,902
SSC10992,0,0,0,44,18,3,65,148,7,220
SSC10993,5,0,5,48,15,0,63,105,14,182
SSC10994,5,0,5,41,13,4,58,155,21,234
SSC10995,305,38,346,1919,817,136,2872,6628,543,10043
SSC10996,4,0,4,100,22,7,129,269,46,444
SSC10997,0,0,0,54,23,3,80,160,30,270
SSC10998,232,28,260,1174,350,33,1557,3573,230,5360
SSC10999,46,6,52,104,60,6,170,471,72,713
SSC11000,163,62,225,1119,487,53,1659,4073,520,6252
SSC11001,40,14,54,341,180,16,537,2156,397,3090
SSC11002,414,114,531,3298,1357,155,4810,10535,1739,17084
SSC11003,4,0,4,86,36,6,128,223,19,370
SSC11004,337,60,400,1471,697,100,2268,5196,817,8281
SSC11005,4,0,4,41,10,0,51,119,10,180
SSC11006,0,0,0,26,12,3,41,108,12,161
SSC11007,0,0,0,0,0,0,0,13,0,13
SSC11008,91,19,113,2052,489,41,2582,7414,1248,11244
SSC11009,256,20,276,164,100,14,278,1140,77,1495
SSC11010,3,0,3,68,12,3,83,206,15,304
SSC11011,0,0,0,52,15,6,73,167,11,251
SSC11012,8,0,8,46,15,0,61,152,9,222
SSC11013,15,6,21,476,221,38,735,1427,92,2254
SSC11014,6,0,6,36,36,0,72,156,25,253
SSC11015,3,3,9,35,16,0,51,189,31,271
SSC11016,198,24,226,939,453,59,1451,3654,351,5456
SSC11017,5,0,5,101,27,0,128,314,37,479
SSC11018,47,8,55,2051,541,48,2640,6151,671,9462
SSC11019,312,150,462,3463,928,94,4485,11380,1571,17436
SSC11020,0,0,0,48,16,0,64,185,24,273
SSC11021,3,0,3,39,13,3,55,174,21,250
SSC11022,20,0,20,689,233,15,937,2640,206,3783
SSC11023,10,0,10,91,32,7,130,348,30,508
SSC11024,5,3,8,101,47,14,162,391,42,595
SSC11025,0,0,0,70,26,3,99,150,25,274
SSC11026,26,7,33,122,73,6,201,739,117,1057
SSC11027,123,19,145,819,286,42,1147,2973,205,4325
SSC11028,7,0,7,0,0,0,0,16,0,16
SSC11029,6,0,6,55,21,6,82,170,9,261
SSC11030,80,17,97,354,155,20,529,1419,174,2122
SSC11031,8,0,8,36,21,0,57,174,30,261
SSC11032,22,0,22,511,148,16,675,1056,116,1847
SSC11033,199,71,270,3589,1601,109,5299,11000,1044,17343
SSC11034,262,95,367,2663,972,87,3722,8021,1506,13249
SSC11035,3,0,3,61,29,3,93,212,19,324
SSC11036,10,3,13,196,83,12,291,571,58,920
SSC11037,6,0,6,104,55,9,168,276,51,495
SSC11038,269,68,341,2905,801,61,3767,9912,1592,15271
SSC11039,42,6,48,722,229,28,979,2167,219,3365
SSC11040,4,0,4,71,20,0,91,334,35,460
SSC11041,40,12,52,400,135,25,560,1155,155,1870
SSC11042,9,0,9,256,90,16,362,867,57,1286
SSC11043,3,0,3,44,15,0,59,182,15,256
SSC11044,3,3,6,37,27,3,67,129,28,224
SSC11045,7,3,10,49,34,6,89,231,29,349
SSC11046,41,15,56,185,89,13,287,792,120,1199
SSC11047,3,0,3,228,60,12,300,445,30,775
SSC11048,6,0,6,53,20,3,76,159,19,254
SSC11049,3,0,3,34,12,3,49,100,3,152
SSC11050,165,81,246,1429,560,84,2073,4570,725,7368
SSC11051,0,3,3,89,22,7,118,245,39,402
SSC11052,0,0,0,39,13,0,52,149,15,216
SSC11053,61,12,73,275,125,14,414,974,148,1536
SSC11054,3,0,3,46,14,0,60,167,31,258
SSC11055,40,6,46,538,203,29,770,1493,151,2414
SSC11056,56,8,67,378,148,13,539,1712,156,2407
SSC11057,111,28,139,1220,501,45,1766,3841,298,5905
SSC11058,90,19,109,1369,523,75,1967,3115,215,5297
SSC11059,201,63,268,1150,343,31,1524,3426,477,5427
SSC11060,41,11,52,304,185,18,507,1379,145,2031
SSC11061,0,0,0,34,23,0,57,140,22,219
SSC11062,9,0,9,73,17,0,90,179,9,278
SSC11063,8,0,8,72,41,6,119,311,17,447
SSC11064,120,19,143,518,271,31,820,2468,257,3545
SSC11065,19,0,19,150,71,9,230,476,34,740
SSC11066,11,3,14,135,55,16,206,484,35,725
SSC11067,69,20,89,576,269,39,884,2007,380,3271
SSC11068,0,0,0,70,22,3,95,202,10,307
SSC11069,110,6,116,1076,257,37,1370,2279,225,3874
SSC11070,155,11,166,533,169,22,724,1633,219,2576
SSC11071,5,0,5,56,17,10,83,243,19,345
SSC11072,16,4,20,243,77,13,333,744,53,1130
SSC11073,46,7,53,262,76,17,355,1035,129,1519
SSC11074,10,0,10,39,13,0,52,218,18,288
SSC11075,3,0,3,75,23,3,101,205,30,336
SSC11076,46,10,56,214,117,9,340,1450,168,1958
SSC11077,9,3,12,1802,397,75,2274,2946,240,5460
SSC11078,33,8,41,846,115,9,970,2757,503,4230
SSC11079,4,0,4,41,21,6,68,165,20,253
SSC11080,6,0,6,54,14,3,71,199,18,288
SSC11081,5,3,8,877,201,32,1110,1867,187,3164
SSC11082,0,0,0,0,0,0,0,0,0,0
SSC11083,10,6,16,37,36,3,76,406,59,541
SSC11084,5,0,5,41,18,3,62,209,22,293
SSC11085,0,0,0,107,29,5,141,183,0,324
SSC11086,45,8,56,114,81,12,207,689,85,981
SSC11087,55,6,61,363,130,11,504,1298,147,1949
SSC11088,0,0,0,57,17,0,74,208,32,314
SSC11089,11,6,17,275,82,3,360,3901,873,5134
SSC11090,0,0,0,148,55,10,213,284,21,518
SSC11091,39,10,49,907,278,62,1247,2074,181,3502
SSC11092,219,15,234,1064,462,57,1583,2985,218,4786
SSC11093,4,0,4,46,33,3,82,302,56,440
SSC11094,17,3,20,822,314,24,1160,2588,285,4033
SSC11095,20,7,27,399,115,5,519,1373,321,2213
SSC11096,8,3,11,384,149,18,551,711,50,1312
SSC11097,41,11,55,1272,317,71,1660,2576,278,4514
SSC11098,6,0,6,84,29,0,113,235,17,365
SSC11099,46,3,52,157,75,9,241,577,78,896
SSC11100,3,0,3,42,15,3,60,120,49,229
SSC11101,6,4,10,49,22,3,74,202,12,288
SSC11102,3,0,3,46,8,3,57,130,4,191
SSC11103,0,0,0,50,26,0,76,163,16,255
SSC11104,6,0,6,24,18,3,45,96,10,151
SSC11105,3,3,6,28,13,0,41,146,27,214
SSC11106,3,6,9,91,40,3,134,210,32,376
SSC11107,20,4,24,182,76,10,268,525,42,835
SSC11108,9,0,9,65,27,3,95,259,53,407
SSC11109,15,4,19,485,129,33,647,1047,163,1857
SSC11110,4,0,4,41,18,7,66,154,20,240
SSC11111,4,0,4,112,54,6,172,344,22,538
SSC11112,38,9,47,817,186,20,1023,2773,285,4081
SSC11113,25,3,28,190,80,27,297,775,79,1151
SSC11114,3,0,3,47,14,3,64,138,11,213
SSC11115,68,21,89,1120,483,57,1660,2925,294,4879
SSC11116,33,8,41,1854,450,43,2347,5208,558,8113
SSC11117,3,0,3,60,25,4,89,135,18,242
SSC11118,19,4,23,580,202,32,814,1184,133,2131
SSC11119,0,0,0,57,16,0,73,134,7,214
SSC11120,45,12,57,248,91,17,356,885,122,1363
SSC11121,8,0,8,158,82,10,250,479,42,771
SSC11122,9,0,9,261,127,10,398,640,79,1117
SSC11123,8,0,8,147,41,6,194,525,132,851
SSC11124,7,0,7,1054,165,61,1280,2357,149,3786
SSC11125,48,11,59,868,185,18,1071,3482,663,5216
SSC11126,20,8,28,985,129,12,1126,3272,428,4826
SSC11127,0,0,0,29,3,3,35,79,7,121
SSC11128,3,0,3,30,14,6,50,100,17,167
SSC11129,3,0,3,792,139,16,947,1524,151,2622
SSC11130,289,82,376,3662,880,115,4657,10625,1051,16333
SSC11131,34,8,46,1245,433,71,1749,2952,141,4842
SSC11132,0,0,0,32,17,0,49,113,3,165
SSC11133,6,0,6,65,20,6,91,188,41,320
SSC11134,0,0,0,101,47,9,157,233,28,418
SSC11135,66,6,72,1505,466,94,2065,3022,159,5246
SSC11136,18,4,22,242,146,9,397,997,198,1592
SSC11137,0,0,0,67,22,0,89,152,36,277
SSC11138,39,10,49,401,144,25,570,1365,128,2063
SSC11139,13,0,13,815,156,17,988,1982,187,3157
SSC11140,0,0,0,6,0,0,6,6,0,12
SSC11141,480,49,536,1472,525,56,2053,4758,385,7196
SSC11142,6,0,6,618,140,41,799,993,102,1894
SSC11143,0,0,0,47,19,4,70,167,11,248
SSC11144,12,0,12,86,74,6,166,461,36,663
SSC11145,5,0,5,4,9,0,13,105,9,127
SSC11146,0,0,0,54,17,3,74,131,38,243
SSC11147,59,7,72,761,246,45,1052,2622,274,3948
SSC11148,379,63,451,4113,1074,69,5256,15395,1309,21960
SSC11149,34,6,40,388,156,8,552,1280,113,1945
SSC11150,20,3,23,77,46,6,129,483,42,654
SSC11151,5,0,5,43,19,6,68,164,13,245
SSC11152,7,0,7,80,20,3,103,212,30,345
SSC11153,0,0,0,22,18,0,40,138,3,181
SSC11154,3,0,3,40,13,0,53,173,21,247
SSC11155,115,7,122,1103,517,36,1656,4240,236,6132
SSC11156,47,17,67,161,87,14,262,1088,127,1477
SSC11157,130,29,159,2168,811,78,3057,7416,712,11185
SSC11158,19,0,19,209,67,10,286,564,47,897
SSC11159,188,129,320,1705,690,105,2500,5655,822,8977
SSC11160,0,0,0,150,38,12,200,345,30,575
SSC11161,14,6,20,236,109,26,371,1029,130,1530
SSC11162,0,0,0,26,18,0,44,74,46,164
SSC11163,3,0,3,18,0,0,18,100,8,126
SSC11164,20,0,20,228,144,12,384,832,55,1271
SSC11165,0,0,0,42,18,4,64,108,3,175
SSC11166,76,21,97,834,408,41,1283,2661,337,4281
SSC11167,144,27,175,1152,346,60,1558,2816,319,4693
SSC11168,8,0,8,56,30,0,86,209,16,311
SSC11169,0,0,0,58,30,3,91,129,28,248
SSC11170,3,0,3,35,12,3,50,100,4,154
SSC11171,0,0,0,50,17,3,70,126,6,202
SSC11172,3,0,3,17,12,0,29,102,48,179
SSC11173,4,0,4,38,6,3,47,135,3,185
SSC11174,3,0,3,60,33,0,93,183,15,291
SSC11175,26,6,32,145,66,5,216,571,87,874
SSC11176,21,0,21,2201,446,93,2740,3903,232,6875
SSC11177,7,3,10,39,25,0,64,140,32,236
SSC11178,3,0,3,133,34,6,173,339,34,546
SSC11179,3,0,3,21,0,0,21,81,12,114
SSC11180,94,14,108,311,115,15,441,1563,219,2223
SSC11181,31,0,31,458,284,24,766,1597,185,2548
SSC11182,0,0,0,50,32,7,89,166,17,272
SSC11183,12,3,15,300,153,17,470,792,137,1399
SSC11184,7,0,7,359,93,27,479,1177,313,1969
SSC11185,21,3,24,326,115,16,457,876,65,1398
SSC11186,0,0,0,3,0,0,3,15,3,21
SSC11187,8,0,8,49,25,3,77,158,17,252
SSC11188,0,0,0,0,0,0,0,0,0,0
SSC11189,3,0,3,52,25,0,77,150,9,236
SSC11190,23,6,29,146,108,6,260,693,48,1001
SSC11191,58,25,83,602,256,26,884,1812,1023,3719
SSC11192,53,13,66,346,144,21,511,1062,98,1671
SSC11193,0,0,0,54,29,0,83,165,38,286
SSC11194,3,0,3,84,15,3,102,158,15,275
SSC11195,0,0,0,102,39,3,144,343,36,523
SSC11196,0,0,0,19,15,0,34,109,10,153
SSC11197,126,40,166,736,549,38,1323,2628,354,4305
SSC11198,33,6,39,191,43,6,240,725,68,1033
SSC11199,3,0,3,46,25,3,74,167,21,262
SSC11200,0,0,0,39,9,0,48,133,12,193
SSC11201,9,0,9,76,49,6,131,333,24,488
SSC11202,11,0,11,115,57,16,188,447,49,684
SSC11203,0,0,0,42,28,0,70,168,22,260
SSC11204,0,0,0,40,18,0,58,156,7,221
SSC11205,0,0,0,55,6,4,65,188,8,261
SSC11206,210,16,226,572,246,34,852,2011,218,3081
SSC11207,0,0,0,53,6,3,62,202,3,267
SSC11208,58,4,62,1413,546,69,2028,4251,496,6775
SSC11209,0,0,0,108,36,6,150,237,27,414
SSC11210,23,3,26,572,330,32,934,1656,103,2693
SSC11211,30,9,39,1320,336,73,1729,2835,258,4822
SSC11212,13,3,16,169,79,0,248,765,109,1122
SSC11213,120,26,151,1168,479,85,1732,4162,715,6609
SSC11214,17,0,17,486,154,12,652,1407,132,2191
SSC11215,3,0,3,144,43,3,190,326,48,564
SSC11216,3,3,6,74,13,0,87,140,14,241
SSC11217,0,0,0,72,31,7,110,164,16,290
SSC11218,81,14,95,398,264,20,682,2014,182,2878
SSC11219,4,0,4,25,0,3,28,113,6,147
SSC11220,83,4,93,4242,1131,155,5528,8994,625,15147
SSC11221,13,0,13,2072,336,84,2492,3166,188,5846
SSC11222,119,20,139,1379,529,87,1995,3414,406,5815
SSC11223,0,0,0,32,20,0,52,117,13,182
SSC11224,0,0,0,0,0,0,0,0,0,0
SSC11225,31,19,50,343,154,8,505,1182,173,1860
SSC11226,6,3,9,39,12,3,54,228,46,328
SSC11227,16,3,19,189,80,9,278,576,61,915
SSC11228,3,0,3,21,9,9,39,78,19,136
SSC11229,186,26,212,1270,503,33,1806,8607,1017,11430
SSC11230,63,5,68,806,339,30,1175,2597,144,3916
SSC11231,25,0,25,99,61,6,166,384,21,571
SSC11232,0,0,0,62,20,3,85,153,18,256
SSC11233,0,0,0,69,14,0,83,226,30,339
SSC11234,11,0,11,98,38,9,145,369,15,529
SSC11235,7,3,10,58,25,5,88,273,19,380
SSC11236,0,0,0,17,22,0,39,182,10,231
SSC11237,218,44,265,819,494,73,1386,3615,310,5311
SSC11238,70,7,77,818,371,59,1248,2450,209,3907
SSC11239,10,0,10,160,79,3,242,444,33,719
SSC11240,18,4,22,66,35,15,116,472,56,644
SSC11241,6,0,6,58,18,9,85,153,16,254
SSC11242,13,3,16,189,123,7,319,752,47,1118
SSC11243,3,3,6,24,14,0,38,160,28,226
SSC11244,289,119,408,1627,508,53,2188,4821,496,7505
SSC11245,54,9,63,958,286,47,1291,1925,143,3359
SSC11246,198,53,254,1118,508,62,1688,3464,374,5526
SSC11247,0,3,3,48,24,0,72,126,15,213
SSC11248,14,3,17,56,43,0,99,259,26,384
SSC11249,15,0,15,108,72,10,190,393,45,628
SSC11250,0,0,0,123,38,10,171,353,19,543
SSC11251,0,0,0,16,14,0,30,77,3,110
SSC11252,4,0,4,41,21,3,65,188,15,268
SSC11253,350,99,452,1069,373,69,1511,3721,382,5614
SSC11254,12,8,20,42,51,9,102,475,54,631
SSC11255,0,0,0,63,7,0,70,145,12,227
SSC11256,11,0,11,226,67,13,306,686,65,1057
SSC11257,106,12,118,1699,663,72,2434,4599,285,7318
SSC11258,13,6,19,696,212,30,938,1557,108,2603
SSC11259,9,0,9,92,25,3,120,302,11,433
SSC11260,131,117,248,965,406,49,1420,3351,529,5300
SSC11261,169,30,203,1789,465,52,2306,8922,1058,12286
SSC11262,278,56,343,1786,660,29,2475,6281,693,9449
SSC11263,0,4,4,32,16,0,48,118,15,181
SSC11264,107,33,140,1432,578,59,2069,4576,650,7295
SSC11265,8,3,11,184,79,5,268,554,70,892
SSC11266,5,3,8,17,17,0,34,136,15,185
SSC11267,0,0,0,0,0,0,0,3,182,185
SSC11268,4,0,4,129,51,6,186,323,13,522
SSC11269,194,69,263,1567,660,82,2309,4471,464,7244
SSC11270,65,14,79,274,219,10,503,2499,429,3431
SSC11271,6,0,6,86,28,6,120,274,25,419
SSC11272,6,0,6,34,7,3,44,103,6,153
SSC11273,174,43,223,2131,467,30,2628,7036,995,10659
SSC11274,44,6,53,350,127,11,488,1087,75,1650
SSC11275,9,3,12,115,68,10,193,430,40,663
SSC11276,14,4,18,558,297,28,883,1707,200,2790
SSC11277,6,0,6,47,20,3,70,147,6,223
SSC11278,0,0,0,3,4,0,7,4,0,11
SSC11279,6,0,6,27,11,0,38,118,15,171
SSC11280,0,0,0,34,6,0,40,144,19,203
SSC11281,82,18,100,1092,545,58,1695,3823,328,5846
SSC11282,60,9,69,385,150,14,549,992,116,1657
SSC11283,3,0,3,33,25,0,58,136,37,231
SSC11284,12,8,20,401,119,16,536,1120,115,1771
SSC11285,0,3,3,74,21,0,95,313,222,630
SSC11286,80,18,98,729,277,50,1056,1958,137,3151
SSC11287,17,0,20,207,108,13,328,535,38,901
SSC11288,4,0,4,50,26,3,79,225,30,334
SSC11289,0,0,0,3,0,0,3,3,0,6
SSC11290,8,0,8,94,48,0,142,277,46,465
SSC11291,8,0,8,94,28,9,131,284,24,439
SSC11292,0,0,0,44,17,3,64,164,18,246
SSC11293,7,0,7,116,65,9,190,448,67,705
SSC11294,9,4,13,443,137,22,602,1004,86,1692
SSC11295,16,9,25,157,76,7,240,951,332,1523
SSC11296,47,8,55,506,206,28,740,1612,182,2534
SSC11297,5,0,5,225,62,18,305,584,73,962
SSC11298,9,0,9,122,26,3,151,328,6,485
SSC11299,77,20,97,920,430,49,1399,2716,396,4511
SSC11300,17,0,17,98,57,6,161,436,62,659
SSC11301,23,3,26,142,67,3,212,428,39,679
SSC11302,97,15,116,363,183,30,576,1335,152,2063
SSC11303,3,3,6,54,30,3,87,220,37,344
SSC11304,0,0,0,16,6,0,22,77,12,111
SSC11305,5,0,5,83,32,9,124,270,20,414
SSC11306,0,0,0,21,25,6,52,100,5,157
SSC11307,4,0,8,57,16,0,73,168,18,259
SSC11308,3,0,3,20,6,0,26,56,3,85
SSC11309,6,0,6,80,35,0,115,304,34,453
SSC11310,51,13,67,990,429,64,1483,2887,246,4616
SSC11311,43,7,50,194,94,13,301,664,128,1093
SSC11312,44,7,51,502,159,37,698,1509,133,2340
SSC11313,8,4,12,31,29,0,60,280,11,351
SSC11314,136,34,170,413,183,23,619,1946,269,2834
SSC11315,54,0,54,460,229,14,703,1737,228,2668
SSC11316,61,13,80,408,198,14,620,1717,226,2563
SSC11317,6,0,6,101,42,3,146,289,25,460
SSC11318,61,9,70,747,299,42,1088,2596,235,3919
SSC11319,8,0,8,106,36,0,142,316,17,475
SSC11320,0,0,0,217,45,3,265,361,21,647
SSC11321,11,6,17,266,129,9,404,753,53,1210
SSC11322,147,63,213,2760,426,38,3224,7049,1370,11643
SSC11323,6,0,6,75,18,0,93,196,29,318
SSC11324,35,12,47,156,70,13,239,799,74,1112
SSC11325,0,0,0,51,10,0,61,121,13,195
SSC11326,67,16,83,1138,374,46,1558,3435,490,5483
SSC11327,3,3,6,87,31,3,121,205,21,347
SSC11328,72,24,99,824,350,51,1225,2578,224,4027
SSC11329,277,58,338,1758,446,60,2264,5024,437,7725
SSC11330,208,30,242,1663,399,60,2122,5182,426,7730
SSC11331,29,6,38,489,86,32,607,996,63,1666
SSC11332,0,4,4,59,23,3,85,227,35,347
SSC11333,3,3,6,3,0,0,3,3,9,15
SSC11334,8,0,8,87,42,6,135,333,34,502
SSC11335,0,0,0,0,0,0,0,0,0,0
SSC11336,21,6,27,315,110,8,433,1378,155,1966
SSC11337,9,3,12,166,103,11,280,421,24,725
SSC11338,41,3,44,288,93,18,399,582,33,1014
SSC11339,3,0,6,59,32,4,95,186,18,299
SSC11340,0,0,0,26,3,0,29,44,0,73
SSC11341,137,29,172,128,91,6,225,1367,160,1752
SSC11342,16,0,16,49,68,0,117,596,84,797
SSC11343,203,38,247,1674,832,83,2589,6566,740,9895
SSC11344,11,4,15,125,65,3,193,623,64,880
SSC11345,34,6,40,473,195,48,716,1417,164,2297
SSC11346,4,0,4,26,3,0,29,115,12,156
SSC11347,3,0,3,30,20,3,53,119,12,184
SSC11348,129,38,171,1284,521,57,1862,3968,621,6451
SSC11349,4,0,4,43,19,6,68,145,18,231
SSC11350,6,0,6,61,22,0,83,189,21,293
SSC11351,130,89,219,2354,600,113,3067,7350,851,11268
SSC11352,32,3,35,360,196,27,583,1414,92,2089
SSC11353,58,11,72,1168,372,71,1611,2962,253,4826
SSC11354,14,3,20,431,227,25,683,1145,92,1920
SSC11355,25,3,28,305,121,0,426,1275,233,1934
SSC11356,21,0,21,640,252,28,920,2053,448,3421
SSC11357,56,19,80,1475,623,76,2174,4845,534,7553
SSC11358,151,66,217,528,247,35,810,2537,388,3735
SSC11359,0,0,0,73,20,0,93,232,8,333
SSC11360,40,32,72,419,130,14,563,1664,262,2489
SSC11361,3,0,3,37,24,5,66,108,8,182
SSC11362,3,3,6,437,67,12,516,997,131,1644
SSC11363,216,32,251,2343,656,59,3058,9738,1070,13866
SSC11364,7,0,7,94,20,7,121,251,30,402
SSC11365,20,9,29,247,97,23,367,1360,305,2032
SSC11366,5,3,8,69,38,0,107,379,36,522
SSC11367,21,3,24,240,96,10,346,618,46,1010
SSC11368,3,0,3,32,16,7,55,100,8,163
SSC11369,123,20,147,1398,338,68,1804,3661,423,5888
SSC11370,0,0,0,6,10,3,19,47,3,69
SSC11371,0,0,0,31,14,0,45,163,7,215
SSC11372,0,0,0,58,15,3,76,163,15,254
SSC11373,0,0,0,32,6,0,38,127,17,182
SSC11374,3,0,3,106,33,8,147,297,14,458
SSC11375,0,0,0,61,22,0,83,161,19,263
SSC11376,182,48,235,1640,474,56,2170,4227,390,6787
SSC11377,0,4,4,54,12,6,72,107,10,189
SSC11378,6,0,6,82,9,3,94,201,24,319
SSC11379,35,8,43,948,303,50,1301,2313,224,3838
SSC11380,88,11,102,495,195,35,725,2094,313,3132
SSC11381,48,0,48,330,142,24,496,1221,72,1789
SSC11382,6,0,6,43,16,6,65,210,13,288
SSC11383,151,22,173,782,357,51,1190,3112,389,4691
SSC11384,80,56,139,467,191,24,682,1436,290,2408
SSC11385,3,0,3,82,17,0,99,165,21,285
SSC11386,6,0,6,48,39,0,87,163,16,266
SSC11387,4,0,4,88,26,6,120,289,20,429
SSC11388,3,0,3,40,0,0,40,110,15,165
SSC11389,11,3,14,138,73,13,224,436,51,711
SSC11390,204,86,290,3611,763,43,4417,11952,2645,19014
SSC11391,12,0,12,352,104,18,474,793,61,1328
SSC11392,6,0,6,243,90,9,342,783,96,1221
SSC11393,3,0,6,116,27,7,150,224,6,380
SSC11394,3,0,3,64,27,6,97,126,18,241
SSC11395,17,0,17,134,76,6,216,525,38,779
SSC11396,53,6,59,180,75,9,264,705,73,1042
SSC11397,49,10,59,805,266,49,1120,1827,142,3089
SSC11398,7,3,10,20,11,0,31,157,36,224
SSC11399,0,0,0,42,17,3,62,203,28,293
SSC11400,0,0,0,20,6,3,29,85,13,127
SSC11401,21,3,24,650,224,46,920,1801,212,2933
SSC11402,7,0,7,209,77,0,286,709,120,1115
SSC11403,0,0,0,62,18,6,86,205,23,314
SSC11404,122,47,169,870,370,44,1284,3007,430,4721
SSC11405,0,0,0,27,27,4,58,103,12,173
SSC11406,36,8,44,392,169,15,576,993,80,1649
SSC11407,6,0,6,92,33,6,131,225,17,373
SSC11408,8,0,8,51,15,0,66,224,11,301
SSC11409,22,7,29,199,101,21,321,616,60,997
SSC11410,7,0,7,27,13,0,40,179,17,236
SSC11411,0,0,0,154,29,0,183,268,19,470
SSC11412,0,0,0,53,41,6,100,169,8,277
SSC11413,0,0,0,40,23,3,66,157,32,255
SSC11414,3,0,3,61,27,3,91,194,24,309
SSC11415,0,0,0,21,13,0,34,158,15,207
SSC11416,3,0,3,19,0,0,19,78,9,106
SSC11417,6,0,6,41,20,0,61,107,36,204
SSC11418,0,0,0,42,7,3,52,131,35,218
SSC11419,7,0,7,95,34,3,132,278,28,438
SSC11420,3,6,9,59,12,7,78,148,15,241
SSC11421,0,0,0,0,0,0,0,0,0,0
SSC11422,6,0,6,53,18,0,71,177,20,268
SSC11423,6,6,12,249,114,9,372,694,102,1168
SSC11424,6,3,9,55,39,3,97,257,24,378
SSC11425,80,9,92,914,432,32,1378,2977,168,4523
SSC11426,59,12,71,1300,357,39,1696,4218,554,6468
SSC11427,0,0,0,49,9,0,58,141,10,209
SSC11428,0,0,0,35,10,6,51,152,10,213
SSC11429,0,3,3,28,12,3,43,117,24,184
SSC11430,9,0,9,27,28,0,55,87,3,145
SSC11431,132,27,159,306,156,26,488,1374,207,2069
SSC11432,140,14,154,321,184,28,533,1509,148,2190
SSC11433,14,6,20,216,97,15,328,566,92,986
SSC11434,57,15,75,2064,667,58,2789,6479,838,10106
SSC11435,11,4,15,615,279,34,928,1332,148,2408
SSC11436,3,0,3,210,63,7,280,543,39,862
SSC11437,223,78,301,634,195,19,848,4208,556,5612
SSC11438,0,0,0,3,0,0,3,0,3,6
SSC11439,0,0,0,19,10,0,29,30,4,63
SSC11440,6,0,6,90,36,6,132,285,12,429
SSC11441,6,0,6,107,30,9,146,241,37,424
SSC11442,0,0,0,33,11,0,44,77,3,124
SSC11443,98,14,115,243,113,20,376,993,192,1561
SSC11444,3,0,3,34,6,6,46,120,10,176
SSC11445,87,17,104,521,230,24,775,1895,1651,4321
SSC11446,8,7,15,121,63,6,190,470,34,694
SSC11447,6,0,6,16,7,3,26,120,20,166
SSC11448,3,0,3,50,10,6,66,123,32,221
SSC11449,6,0,6,60,17,0,77,190,24,291
SSC11450,31,0,31,248,83,14,345,1035,99,1479
SSC11451,0,0,0,68,23,0,91,191,20,302
SSC11452,5,0,5,69,23,6,98,245,36,379
SSC11453,60,10,73,528,196,15,739,1358,168,2265
SSC11454,4,3,7,91,25,6,122,248,22,392
SSC11455,9,6,15,123,43,6,172,368,41,581
SSC11456,10,3,13,106,45,6,157,368,36,561
SSC11457,55,9,64,343,133,17,493,1351,162,2006
SSC11458,242,102,347,2001,822,73,2896,8746,1479,13121
SSC11459,183,15,198,1062,289,38,1389,3044,217,4650
SSC11460,30,14,44,370,179,29,578,1155,148,1881
SSC11461,3,3,6,20,3,0,23,139,19,181
SSC11462,0,0,0,44,23,0,67,245,24,336
SSC11463,5,0,5,216,68,10,294,559,51,904
SSC11464,185,48,233,1175,397,31,1603,3770,508,5881
SSC11465,3,0,3,65,16,7,88,137,9,234
SSC11466,37,9,46,681,197,27,905,1519,196,2620
SSC11467,27,9,36,234,158,15,407,920,125,1452
SSC11468,3,0,3,33,10,3,46,153,33,232
SSC11469,0,0,0,59,25,3,87,158,25,270
SSC11470,10,5,15,145,64,12,221,342,49,612
SSC11471,6,3,9,48,27,3,78,155,3,236
SSC11472,586,106,701,4366,1528,157,6051,16287,2488,24826
SSC11473,3,0,3,93,49,0,142,243,328,713
SSC11474,4,0,4,31,6,0,37,86,7,130
SSC11475,325,64,392,3520,1140,157,4817,14292,1795,20904
SSC11476,8,0,8,146,37,7,190,606,66,862
SSC11477,289,51,340,1693,527,37,2257,7795,722,10774
SSC11478,4,0,4,62,33,0,95,192,6,293
SSC11479,0,0,0,48,15,0,63,120,12,195
SSC11480,0,0,0,72,28,7,107,205,33,345
SSC11481,0,0,0,53,28,9,90,172,15,277
SSC11482,6,0,6,44,31,6,81,210,20,311
SSC11483,6,0,6,213,97,11,321,679,98,1098
SSC11484,30,6,36,1510,560,92,2162,3572,263,5997
SSC11485,0,3,3,43,8,0,51,105,18,174
SSC11486,14,6,20,207,109,9,325,794,103,1222
SSC11487,87,25,116,1473,475,39,1987,5930,660,8577
SSC11488,9,3,12,177,70,10,257,467,48,772
SSC11489,14,3,17,158,72,15,245,643,82,970
SSC11490,0,0,0,58,8,3,69,135,22,226
SSC11491,181,32,213,1468,516,44,2028,4729,571,7328
SSC11492,229,49,278,1301,514,83,1898,5125,674,7697
SSC11493,54,6,60,256,103,8,367,941,120,1428
SSC11494,36,8,47,277,76,12,365,919,165,1449
SSC11495,11,6,17,116,20,6,142,404,42,588
SSC11496,0,0,0,74,29,3,106,247,24,377
SSC11497,5,0,5,528,153,16,697,1087,123,1907
SSC11498,0,0,0,32,22,3,57,125,12,194
SSC11499,4,0,4,120,40,0,160,284,26,470
SSC11500,27,6,33,197,143,11,351,1559,249,2159
SSC11501,3,0,3,54,26,0,80,160,39,279
SSC11502,8,4,12,447,127,14,588,2435,270,3293
SSC11503,0,3,3,80,44,3,127,287,42,456
SSC11504,32,7,39,1839,570,95,2504,3802,334,6640
SSC11505,0,0,0,59,30,7,96,199,16,311
SSC11506,3,0,3,61,16,9,86,193,8,287
SSC11507,0,0,0,29,11,0,40,100,15,155
SSC11508,16,3,19,312,59,4,375,699,54,1128
SSC11509,7,0,7,85,32,3,120,237,26,383
SSC11510,3,0,3,72,23,0,95,211,23,329
SSC11511,30,7,37,2063,601,70,2734,5036,346,8116
SSC11512,39,0,39,140,57,0,197,507,28,732
SSC11513,8,0,8,34,26,0,60,124,17,201
SSC11514,13,0,13,57,25,3,85,258,21,364
SSC11515,3,3,6,46,21,0,67,258,49,374
SSC11516,0,0,0,83,18,0,101,160,23,284
SSC11517,178,35,220,1666,773,81,2520,5859,411,8790
SSC11518,23,3,26,269,136,18,423,629,62,1114
SSC11519,102,46,148,371,170,15,556,1979,315,2850
SSC11520,0,0,0,54,29,3,86,193,16,295
SSC11521,30,8,38,283,92,8,383,863,154,1400
SSC11522,0,0,0,27,6,0,33,103,0,136
SSC11523,6,0,6,34,0,3,37,75,6,118
SSC11524,283,69,352,4040,1067,77,5184,13567,2144,20895
SSC11525,129,91,220,875,275,13,1163,3229,550,4942
SSC11526,0,0,0,39,29,0,68,111,9,188
SSC11527,0,0,0,3,0,0,3,3,0,6
SSC11528,28,8,36,935,319,42,1296,2152,234,3682
SSC11529,3,3,6,54,22,6,82,95,48,225
SSC11530,3,0,3,116,49,6,171,319,26,516
SSC11531,4,0,4,74,40,4,118,271,23,412
SSC11532,3,0,3,78,21,0,99,192,12,303
SSC11533,27,5,32,268,60,17,345,607,38,990
SSC11534,9,0,9,126,81,3,210,515,36,761
SSC11535,8,0,8,78,23,0,101,275,27,403
SSC11536,4,3,7,45,16,0,61,129,9,199
SSC11537,13,0,13,396,117,6,519,1494,371,2384
SSC11538,8,0,8,36,35,0,71,195,7,273
SSC11539,12,11,23,108,95,0,203,1078,354,1635
SSC11540,0,0,0,153,48,3,204,367,42,613
SSC11541,0,0,0,38,21,0,59,261,27,347
SSC11542,7,0,7,205,56,9,270,464,94,828
SSC11543,21,3,27,686,363,29,1078,1918,103,3099
SSC11544,0,0,0,23,0,3,26,62,0,88
SSC11545,17,3,20,196,102,3,301,1260,299,1860
SSC11546,76,50,126,171,90,10,271,775,187,1233
SSC11547,21,0,21,958,260,30,1248,2733,279,4260
SSC11548,9,0,9,52,28,0,80,176,7,263
SSC11549,0,3,3,134,50,9,193,302,32,527
SSC11550,14,6,20,108,101,12,221,463,42,726
SSC11551,4,3,7,26,13,0,39,117,9,165
SSC11552,0,0,0,25,11,0,36,39,9,84
SSC11553,58,25,83,1669,490,41,2200,5003,752,7955
SSC11554,3,0,3,59,31,0,90,202,20,312
SSC11555,419,125,544,2273,931,88,3292,7600,988,11880
SSC11556,3,0,3,141,52,12,205,343,47,595
SSC11557,5,6,11,46,13,3,62,107,12,181
SSC11558,0,0,0,40,24,6,70,161,12,243
SSC11559,0,0,0,31,35,0,66,576,506,1148
SSC11560,3,0,3,75,19,4,98,118,3,219
SSC11561,5,0,5,55,20,3,78,269,24,371
SSC11562,112,59,171,805,369,27,1201,3068,410,4679
SSC11563,106,23,129,778,343,41,1162,3086,356,4604
SSC11564,6,0,9,117,29,8,154,235,24,413
SSC11565,4,0,4,37,10,0,47,115,9,171
SSC11566,6,3,9,30,21,0,51,138,6,195
SSC11567,0,0,0,35,19,7,61,131,19,211
SSC11568,0,0,0,6,3,0,9,6,6,21
SSC11569,3,0,3,36,16,0,52,232,72,356
SSC11570,27,5,32,161,65,9,235,680,74,989
SSC11571,67,29,96,226,99,13,338,1297,149,1784
SSC11572,54,8,66,401,158,22,581,1247,99,1927
SSC11573,331,73,410,1674,719,86,2479,5365,523,8367
SSC11574,4,0,4,21,14,3,38,119,15,172
SSC11575,0,0,0,0,0,0,0,0,0,0
SSC11576,6,3,9,80,17,3,100,184,16,300
SSC11577,6,3,9,78,26,0,104,255,19,378
SSC11578,102,26,128,671,243,16,930,2406,285,3621
SSC11579,6,3,12,57,28,3,88,202,24,314
SSC11580,3,0,3,54,17,6,77,121,8,206
SSC11581,0,0,0,34,24,3,61,168,12,241
SSC11582,0,0,3,190,52,21,263,398,43,704
SSC11583,22,0,22,139,68,18,225,556,38,819
SSC11584,0,0,0,30,18,3,51,140,27,218
SSC11585,14,0,14,275,75,13,363,798,41,1202
SSC11586,3,0,3,63,28,3,94,224,26,344
SSC11587,0,0,0,38,16,0,54,123,15,192
SSC11588,4,3,7,335,87,19,441,661,47,1149
SSC11589,0,0,0,0,0,0,0,0,0,0
SSC11590,57,11,68,1292,558,41,1891,3651,416,5958
SSC11591,7,0,7,74,17,9,100,325,32,457
SSC11592,0,0,0,19,7,0,26,44,4,74
SSC11593,121,18,139,1419,480,74,1973,4307,976,7256
SSC11594,190,26,216,251,167,16,434,1900,199,2533
SSC11595,6,3,9,106,53,5,164,308,24,496
SSC11596,17,3,20,221,105,9,335,604,85,1024
SSC11597,226,30,256,1662,537,48,2247,5367,398,8012
SSC11598,7,0,7,146,42,0,188,380,38,606
SSC11599,0,0,0,25,14,6,45,106,9,160
SSC11600,6,0,6,54,37,6,97,239,25,361
SSC11601,88,11,99,531,231,35,797,2159,198,3154
SSC11602,10,0,10,129,63,9,201,512,46,759
SSC11603,688,134,838,4558,1493,182,6233,14273,1926,22432
SSC11604,186,26,212,1208,473,63,1744,4133,366,6243
SSC11605,10,0,10,69,29,12,110,292,26,428
SSC11606,7,0,7,43,19,0,62,164,18,244
SSC11607,11,0,11,93,25,0,118,311,45,474
SSC11608,17,7,24,2391,608,106,3105,4233,336,7674
SSC11609,6,0,6,83,36,0,119,245,14,378
SSC11610,184,23,207,531,266,34,831,2205,211,3247
SSC11611,0,0,0,82,37,6,125,221,36,382
SSC11612,78,14,92,1378,412,73,1863,3547,183,5593
SSC11613,71,21,95,2761,579,54,3394,7302,982,11678
SSC11614,0,0,0,30,30,0,60,106,7,173
SSC11615,0,0,0,19,13,3,35,101,9,145
SSC11616,3,0,3,38,25,0,63,168,33,264
SSC11617,8,0,8,144,60,9,213,382,25,620
SSC11618,111,71,182,468,219,29,716,1703,243,2662
SSC11619,20,0,20,276,127,19,422,759,28,1209
SSC11620,7,0,7,211,79,4,294,498,30,822
SSC11621,18,4,22,295,110,17,422,764,53,1239
SSC11622,24,0,24,151,72,6,229,573,65,867
SSC11623,0,0,0,33,15,6,54,120,18,192
SSC11624,30,5,35,247,109,14,370,811,65,1246
SSC11625,22,7,29,203,100,6,309,605,50,964
SSC11626,81,17,98,1298,431,40,1769,4577,681,7027
SSC11627,0,0,0,60,31,0,91,160,9,260
SSC11628,29,9,38,473,267,43,783,1497,127,2407
SSC11629,0,0,0,57,31,3,91,128,9,228
SSC11630,25,11,36,280,80,12,372,643,83,1098
SSC11631,0,3,3,33,6,3,42,92,13,147
SSC11632,7,0,7,147,55,6,208,575,49,832
SSC11633,9,3,12,130,53,14,197,484,58,739
SSC11634,3,0,3,30,26,6,62,134,6,202
SSC11635,4,0,4,59,57,0,116,192,12,320
SSC11636,53,6,59,614,414,41,1069,2453,204,3726
SSC11637,3,0,3,30,15,0,45,131,72,248
SSC11638,0,0,0,39,9,6,54,81,9,144
SSC11639,222,54,276,1586,497,80,2163,4843,706,7712
SSC11640,4,0,4,154,65,5,224,327,23,574
SSC11641,3,0,3,112,73,9,194,329,30,553
SSC11642,20,0,20,277,125,17,419,962,59,1440
SSC11643,0,0,0,15,12,0,27,73,11,111
SSC11644,6,0,6,98,38,3,139,248,39,426
SSC11645,0,0,0,51,18,6,75,170,12,257
SSC11646,3,0,3,98,30,10,138,288,14,440
SSC11647,0,0,0,21,3,0,24,58,6,88
SSC11648,92,12,107,547,163,55,765,1586,177,2528
SSC11649,6,0,6,114,43,18,175,262,49,486
SSC11650,34,8,42,249,116,13,378,1116,125,1619
SSC11651,0,0,0,64,19,3,86,187,47,320
SSC11652,3,0,3,31,14,0,45,119,29,193
SSC11653,0,0,0,12,4,3,19,53,3,75
SSC11654,0,0,0,37,12,3,52,117,3,172
SSC11655,4,0,4,113,26,6,145,334,55,534
SSC11656,0,0,0,55,11,0,66,98,9,173
SSC11657,0,0,0,22,6,0,28,82,5,115
SSC11658,0,0,0,11,5,0,16,42,0,58
SSC11659,0,6,6,49,19,0,68,172,24,264
SSC11660,7,3,10,562,158,32,752,1242,137,2131
SSC11661,8,6,14,56,27,0,83,281,31,395
SSC11662,31,6,37,101,34,5,140,498,78,716
SSC11663,275,60,338,999,350,49,1398,3264,414,5076
SSC11664,5,0,5,116,31,3,150,203,34,387
SSC11665,91,28,119,2084,721,85,2890,5164,1042,9096
SSC11666,0,0,0,37,4,0,41,86,9,136
SSC11667,0,0,0,23,9,0,32,69,12,113
SSC11668,11,3,14,47,25,0,72,193,18,283
SSC11669,8,3,11,167,63,10,240,496,40,776
SSC11670,0,0,0,0,6,3,9,74,10,93
SSC11671,3,0,3,22,9,0,31,148,23,202
SSC11672,0,3,3,50,38,0,88,189,20,297
SSC11673,4,0,7,15,16,6,37,156,22,215
SSC11674,9,3,12,257,85,7,349,761,59,1169
SSC11675,264,57,321,675,325,19,1019,3772,474,5265
SSC11676,3,0,3,184,70,15,269,482,55,806
SSC11677,0,0,0,82,31,3,116,171,22,309
SSC11678,0,0,0,38,12,0,50,55,6,111
SSC11679,3,0,3,61,34,3,98,159,18,275
SSC11680,0,0,0,45,10,3,58,59,3,120
SSC11681,62,23,91,1398,535,76,2009,3805,353,6167
SSC11682,44,9,53,609,269,35,913,1725,130,2768
SSC11683,18,9,27,1577,411,80,2068,2974,258,5300
SSC11684,48,8,56,1093,243,56,1392,2804,208,4404
SSC11685,50,19,69,281,128,13,422,1447,213,2082
SSC11686,763,98,865,956,423,21,1400,4634,537,6571
SSC11687,131,26,157,1159,438,75,1672,3615,502,5789
SSC11688,6,0,6,64,16,0,80,105,7,192
SSC11689,118,20,141,595,312,34,941,2185,385,3511
SSC11690,27,3,30,186,60,5,251,736,66,1053
SSC11691,235,36,278,1061,356,49,1466,3172,314,4952
SSC11692,55,8,67,688,298,46,1032,2127,289,3448
SSC11693,71,69,140,762,242,16,1020,2542,530,4092
SSC11694,0,0,0,60,27,3,90,178,14,282
SSC11695,3,0,3,52,16,3,71,104,6,181
SSC11696,8,3,11,43,49,0,92,245,29,366
SSC11697,3,3,6,43,13,0,56,138,17,211
SSC11698,0,0,0,68,43,6,117,243,19,379
SSC11699,93,20,113,742,366,36,1144,2959,425,4528
SSC11700,6,0,6,44,27,3,74,167,18,259
SSC11701,0,8,8,125,46,0,171,300,35,506
SSC11702,3,0,3,53,14,0,67,170,10,247
SSC11703,0,0,0,49,25,0,74,195,24,293
SSC11704,3,0,3,38,16,0,54,245,34,333
SSC11705,0,0,0,9,0,0,9,35,0,44
SSC11706,0,0,0,69,28,0,97,198,3,298
SSC11707,3,0,3,72,22,6,100,166,9,275
SSC11708,174,35,213,1081,420,29,1530,6276,638,8444
SSC11709,4,0,4,39,8,0,47,110,25,182
SSC11710,6,0,6,26,10,0,36,108,35,179
SSC11711,4,0,4,119,45,0,164,213,21,398
SSC11712,4,0,4,41,18,6,65,167,15,247
SSC11713,0,0,0,37,13,6,56,161,22,239
SSC11714,245,50,301,1682,686,86,2454,4873,482,7809
SSC11715,20,0,20,386,175,24,585,1069,89,1743
SSC11716,6,0,6,28,9,3,40,94,9,143
SSC11717,20,0,20,180,192,4,376,1638,216,2230
SSC11718,21,5,26,111,62,4,177,622,89,888
SSC11719,3,0,3,51,30,3,84,393,57,534
SSC11720,3,0,3,69,23,0,92,188,28,308
SSC11721,16,0,16,1147,190,32,1369,2482,275,4126
SSC11722,122,34,156,1560,586,102,2248,4518,540,7306
SSC11723,7,0,7,72,39,0,111,253,14,378
SSC11724,45,12,61,1481,578,81,2140,9334,1316,12790
SSC11725,18,0,18,537,230,38,805,1258,109,2172
SSC11726,3,0,3,17,9,0,26,84,7,117
SSC11727,14,6,20,220,103,32,355,857,152,1364
SSC11728,6,0,6,36,3,3,42,128,6,176
SSC11729,0,0,0,39,9,0,48,147,26,221
SSC11730,54,0,54,125,96,9,230,659,55,944
SSC11731,69,12,81,396,187,21,604,1447,166,2217
SSC11732,7,6,13,121,75,12,208,445,36,689
SSC11733,162,48,215,894,311,53,1258,2580,217,4055
SSC11734,95,28,123,872,331,56,1259,2989,527,4775
SSC11735,5,4,9,53,43,0,96,238,33,367
SSC11736,16,6,22,304,132,12,448,1015,123,1586
SSC11737,45,4,49,833,172,50,1055,1316,97,2468
SSC11738,15,0,15,68,28,3,99,323,38,460
SSC11739,85,70,155,237,75,9,321,799,168,1288
SSC11740,109,24,133,1487,406,67,1960,4155,832,6947
SSC11741,0,0,0,3,0,0,3,6,6,15
SSC11742,3,6,9,189,68,6,263,438,36,737
SSC11743,58,11,73,730,206,40,976,1547,146,2669
SSC11744,5,0,5,61,16,0,77,146,24,247
SSC11745,47,3,50,826,283,45,1154,2196,112,3462
SSC11746,39,7,46,540,214,37,791,1742,307,2840
SSC11747,56,11,67,144,94,9,247,1025,134,1406
SSC11748,62,19,85,393,222,22,637,1768,226,2631
SSC11749,10,0,10,111,58,10,179,393,62,634
SSC11750,10,0,10,78,35,10,123,361,44,528
SSC11751,70,8,78,619,147,22,788,1185,128,2101
SSC11752,6,4,10,52,38,0,90,380,46,516
SSC11753,59,14,73,1122,355,60,1537,2505,267,4309
SSC11754,154,11,165,910,370,61,1341,2723,204,4268
SSC11755,272,38,310,1794,484,46,2324,6884,1302,10510
SSC11756,36,7,43,773,366,31,1170,2286,210,3666
SSC11757,139,6,148,1383,597,52,2032,3880,216,6128
SSC11758,7,0,7,173,43,14,230,352,44,626
SSC11759,241,40,285,1766,499,57,2322,5446,471,8239
SSC11760,9,0,9,78,20,4,102,174,16,292
SSC11761,28,8,36,520,175,28,723,1789,340,2852
SSC11762,0,0,0,86,23,3,112,186,13,311
SSC11763,52,6,58,707,146,15,868,2332,471,3671
SSC11764,140,47,187,629,329,16,974,4065,604,5643
SSC11765,228,76,304,521,202,21,744,2255,453,3452
SSC11766,3,0,3,44,28,0,72,169,9,250
SSC11767,422,53,482,574,267,35,876,2298,160,3334
SSC11768,9,0,9,129,44,7,180,365,37,582
SSC11769,23,5,28,349,146,5,500,973,36,1509
SSC11770,61,10,74,743,185,31,959,1966,141,3066
SSC11771,34,6,40,140,125,3,268,1735,144,2147
SSC11772,0,0,0,12,18,0,30,42,3,75
SSC11773,114,11,133,1159,351,60,1570,2735,216,4521
SSC11774,204,115,323,1722,633,69,2424,5343,587,8354
SSC11775,12,0,12,172,85,3,260,419,38,717
SSC11776,3,0,3,23,0,0,23,92,6,121
SSC11777,247,101,351,1161,550,55,1766,4675,1069,7510
SSC11778,3,3,6,209,80,8,297,673,602,1572
SSC11779,3,0,3,103,40,12,155,257,17,429
SSC11780,0,3,3,70,22,0,92,201,21,314
SSC11781,3,0,3,29,12,3,44,91,3,138
SSC11782,0,0,0,60,16,9,85,183,18,286
SSC11783,0,0,0,40,13,0,53,160,6,219
SSC11784,9,0,9,98,42,6,146,382,25,553
SSC11785,6,3,9,89,25,6,120,325,46,491
SSC11786,0,0,0,0,3,0,3,0,0,3
SSC11787,0,0,0,6,0,0,6,3,0,9
SSC11788,3,0,3,45,3,0,48,181,17,246
SSC11789,38,3,41,391,134,15,540,1099,187,1826
SSC11790,6,0,6,121,31,4,156,311,34,501
SSC11791,87,18,105,1043,533,46,1622,3237,264,5123
SSC11792,11,3,14,330,99,23,452,870,122,1444
SSC11793,0,0,3,99,40,12,151,281,32,464
SSC11794,16,0,16,1339,291,38,1668,3083,395,5146
SSC11795,3,6,9,27,10,3,40,138,18,196
SSC11796,19,3,25,285,165,3,453,984,66,1503
SSC11797,5,0,5,49,21,6,76,185,18,279
SSC11798,70,14,87,829,351,36,1216,2752,347,4315
SSC11799,284,45,335,1734,635,55,2424,5367,420,8211
SSC11800,54,4,58,539,210,17,766,1568,154,2488
SSC11801,0,0,0,53,28,0,81,181,15,277
SSC11802,59,6,65,913,269,57,1239,2440,209,3888
SSC11803,90,23,113,600,262,31,893,2331,240,3464
SSC11804,6,0,6,31,21,3,55,158,9,222
SSC11805,8,0,8,163,67,12,242,430,68,740
SSC11806,0,0,0,26,16,0,42,116,13,171
SSC11807,27,3,30,398,99,6,503,1219,168,1890
SSC11808,6,3,9,69,25,3,97,290,40,427
SSC11809,20,6,26,483,179,7,669,1306,125,2100
SSC11810,0,0,0,64,10,4,78,116,9,203
SSC11811,0,0,0,21,9,0,30,37,0,67
SSC11812,0,0,0,26,6,3,35,81,0,116
SSC11813,0,0,0,34,16,0,50,89,25,164
SSC11814,651,104,759,5947,2247,338,8532,17206,2219,27957
SSC11815,9,0,9,190,77,4,271,538,37,846
SSC11816,16,4,20,288,150,13,451,969,124,1544
SSC11817,9,0,9,70,44,0,114,400,42,556
SSC11818,0,0,0,38,26,3,67,114,18,199
SSC11819,0,0,0,65,21,3,89,119,15,223
SSC11820,0,0,0,105,21,0,126,201,19,346
SSC11821,24,6,30,784,298,40,1122,1943,183,3248
SSC11822,33,6,42,62,31,6,99,235,34,368
SSC11823,0,0,0,58,12,3,73,150,3,226
SSC11824,18,7,28,461,221,17,699,1334,256,2289
SSC11825,67,8,75,544,208,20,772,1606,215,2593
SSC11826,76,19,95,1084,302,64,1450,2514,195,4159
SSC11827,84,65,152,1510,551,40,2101,7172,1335,10608
SSC11828,3,0,3,22,7,3,32,130,16,178
SSC11829,270,39,319,1967,711,61,2739,7004,681,10424
SSC11830,160,24,184,539,224,24,787,1852,218,2857
SSC11831,74,12,86,595,222,23,840,1887,216,2943
SSC11832,4,0,4,75,27,0,102,263,32,397
SSC11833,35,9,44,188,156,18,362,883,129,1374
SSC11834,7,0,7,78,23,6,107,236,31,374
SSC11835,46,10,56,139,51,3,193,460,58,711
SSC11836,18,0,18,106,44,4,154,364,26,544
SSC11837,0,0,0,50,30,0,80,203,25,308
SSC11838,217,36,256,1998,611,66,2675,5836,626,9137
SSC11839,239,51,300,1747,652,119,2518,5305,842,8665
SSC11840,6,0,6,50,18,3,71,204,21,296
SSC11841,3,3,6,609,140,24,773,1139,814,2726
SSC11842,4,0,4,60,21,3,84,133,21,238
SSC11843,4,3,7,59,19,0,78,169,18,265
SSC11844,225,21,252,2872,517,30,3419,11756,1764,16939
SSC11845,0,0,0,53,15,0,68,105,8,181
SSC11846,8,0,8,141,47,9,197,413,22,632
SSC11847,8,0,8,14,12,3,29,130,16,175
SSC11848,6,3,9,164,46,15,225,350,54,629
SSC11849,29,4,33,149,65,3,217,628,89,934
SSC11850,455,74,533,1573,592,52,2217,5231,551,7999
SSC11851,24,7,31,353,209,19,581,1219,84,1884
SSC11852,12,0,12,35,43,3,81,322,60,463
SSC11853,6,0,6,69,21,6,96,128,24,248
SSC11854,3,0,3,96,38,6,140,284,18,442
SSC11855,13,0,13,159,84,12,255,479,75,809
SSC11856,16,6,22,131,61,4,196,468,38,702
SSC11857,0,4,4,16,18,0,34,65,17,116
SSC11858,6,0,9,719,122,11,852,1333,84,2269
SSC11859,151,121,272,1119,261,29,1409,3300,642,5351
SSC11860,145,21,166,1184,437,42,1663,3846,256,5765
SSC11861,345,105,453,1684,728,55,2467,6315,1009,9791
SSC11862,6,0,6,51,30,3,84,129,13,226
SSC11863,10,0,10,225,99,10,334,746,46,1126
SSC11864,207,47,254,1955,586,46,2587,6456,585,9628
SSC11865,19,3,22,151,62,5,218,346,42,606
SSC11866,48,12,60,1091,358,60,1509,4364,517,6390
SSC11867,5,0,5,125,26,7,158,271,11,440
SSC11868,3,3,6,88,30,6,124,187,31,342
SSC11869,6,0,6,119,46,0,165,311,25,501
SSC11870,0,0,0,50,14,0,64,115,0,179
SSC11871,3,0,3,56,10,0,66,105,24,195
SSC11872,4,3,7,67,28,0,95,191,10,296
SSC11873,6,0,6,46,12,0,58,142,18,218
SSC11874,65,11,76,998,404,30,1432,2823,202,4457
SSC11875,36,7,43,893,262,31,1186,2141,192,3519
SSC11876,0,0,0,62,23,3,88,141,21,250
SSC11877,0,0,0,52,15,0,67,186,20,273
SSC11878,9,0,9,90,26,6,122,234,15,371
SSC11879,0,0,0,27,10,0,37,154,15,206
SSC11880,0,0,0,51,15,0,66,170,11,247
SSC11881,0,0,0,0,0,0,0,0,0,0
SSC11882,0,0,0,7,0,0,7,28,0,35
SSC11883,13,3,16,380,131,25,536,917,50,1503
SSC11884,0,0,0,57,22,0,79,150,4,233
SSC11885,0,0,0,55,26,0,81,137,3,221
SSC11886,68,6,77,1527,357,32,1916,3887,379,6182
SSC11887,167,24,191,611,223,41,875,1975,223,3073
SSC11888,59,22,84,228,117,8,353,1022,180,1555
SSC11889,42,20,62,143,104,3,250,672,296,1218
SSC11890,0,0,0,0,0,0,0,3,0,3
SSC11891,0,0,0,96,49,0,145,385,54,584
SSC11892,0,0,0,0,0,0,0,9,0,9
SSC11893,0,0,0,8,10,0,18,90,6,114
SSC11894,3,3,6,44,15,0,59,174,45,278
SSC11895,0,0,0,0,0,0,0,3,0,3
SSC11896,17,6,23,234,81,7,322,587,42,951
SSC11897,129,19,151,665,371,39,1075,2670,349,4094
SSC11898,1312,250,1576,5972,2471,380,8823,22984,2479,34286
SSC11899,4,0,4,23,9,0,32,76,116,224
SSC11900,24,18,42,334,129,18,481,1233,145,1859
SSC11901,0,0,0,0,0,0,0,7,0,7
SSC11902,0,0,0,54,15,3,72,130,9,211
SSC11903,4,0,4,41,22,0,63,146,17,226
SSC11904,0,0,0,0,0,0,0,0,0,0
SSC11905,37,14,51,267,225,3,495,5069,1062,6626
SSC11906,100,17,117,1137,321,58,1516,2565,237,4318
SSC11907,29,0,29,392,186,7,585,1760,127,2472
SSC11908,0,0,0,36,9,4,49,101,25,175
SSC11909,98,18,116,3020,660,76,3756,6048,580,10384
SSC11910,6,0,6,73,47,6,126,286,29,441
SSC11911,31,7,38,227,100,12,339,817,155,1311
SSC11912,0,0,0,45,16,0,61,152,12,225
SSC11913,30,0,30,769,248,21,1038,2389,246,3673
SSC11914,0,0,0,0,0,0,0,0,0,0
SSC11915,0,0,0,56,22,3,81,270,27,378
SSC11916,184,31,222,2683,731,54,3468,8943,1641,14052
SSC11917,0,0,0,19,10,3,32,79,3,114
SSC11918,61,13,74,761,220,30,1011,2047,163,3221
SSC11919,6,0,6,58,18,6,82,136,18,236
SSC11920,0,0,0,40,15,0,55,166,45,266
SSC11921,163,30,199,1977,631,82,2690,5335,361,8386
SSC11922,3,0,3,43,21,0,64,138,15,217
SSC11923,25,6,31,1125,395,21,1541,7760,1298,10599
SSC11924,0,0,0,17,9,0,26,104,13,143
SSC11925,114,4,121,5340,1330,193,6863,12144,914,19921
SSC11926,0,0,0,51,7,3,61,108,23,192
SSC11927,3,0,3,50,21,0,71,185,22,278
SSC11928,149,66,215,811,323,31,1165,3282,476,4923
SSC11929,27,12,42,534,197,22,753,2156,261,3170
SSC11930,18,0,18,525,212,21,758,1612,151,2521
SSC11931,34,7,44,550,138,28,716,1398,216,2330
SSC11932,35,6,41,438,183,20,641,1984,174,2799
SSC11933,5,0,5,84,23,9,116,330,27,473
SSC11934,101,15,116,496,181,26,703,1908,219,2830
SSC11935,6,3,9,120,59,0,179,381,30,590
SSC11936,20,3,27,1053,375,35,1463,2987,286,4736
SSC11937,7,0,7,188,107,12,307,473,40,820
SSC11938,7,0,7,91,38,0,129,390,31,550
SSC11939,7,0,7,91,46,0,137,299,14,450
SSC11940,0,0,0,56,21,6,83,147,24,254
SSC11941,10,0,10,129,49,8,186,479,81,746
SSC11942,59,22,81,225,78,6,309,826,121,1256
SSC11943,3,3,6,108,31,3,142,244,42,428
SSC11944,622,91,723,4145,1186,184,5515,16106,2007,23628
SSC11945,27,0,27,394,253,21,668,1228,95,1991
SSC11946,3,3,6,53,18,0,71,136,21,228
SSC11947,3,0,3,39,18,0,57,156,31,244
SSC11948,36,6,42,306,179,18,503,1025,74,1602
SSC11949,0,0,0,0,0,0,0,0,0,0
SSC11950,18,0,18,42,27,6,75,271,29,375
SSC11951,5,3,8,280,90,24,394,471,45,910
SSC11952,183,44,230,2041,908,130,3079,6074,706,9859
SSC11953,6,0,6,188,58,8,254,427,57,738
SSC11954,3,0,3,56,26,4,86,234,10,330
SSC11955,7,0,7,79,17,6,102,283,142,527
SSC11956,5,0,5,25,13,6,44,199,21,264
SSC11957,6,0,6,54,30,0,84,222,18,324
SSC11958,0,0,0,16,12,0,28,57,10,95
SSC11959,85,48,133,853,426,29,1308,8241,1655,11204
SSC11960,109,15,124,569,291,28,888,1811,132,2831
SSC11961,0,0,0,74,31,6,111,182,19,312
SSC11962,57,7,67,692,194,0,886,2260,394,3540
SSC11963,0,3,3,110,31,0,141,302,40,483
SSC11964,4,0,4,98,44,12,154,312,40,506
SSC11965,0,0,0,31,19,3,53,112,18,183
SSC11966,309,103,417,1930,648,60,2638,6968,890,10496
SSC11967,39,8,50,281,83,5,369,645,44,1058
SSC11968,50,3,53,673,135,6,814,3667,578,5059
SSC11969,277,37,320,662,351,26,1039,3162,371,4572
SSC11970,4,0,4,127,71,10,208,448,19,675
SSC11971,3,0,6,21,23,0,44,107,18,169
SSC11972,0,0,0,35,14,6,55,117,3,175
SSC11973,0,0,0,32,18,6,56,142,12,210
SSC11974,58,18,76,1054,414,42,1510,2928,434,4872
SSC11975,4,0,4,15,6,0,21,77,0,98
SSC11976,50,15,65,637,208,28,873,1450,90,2413
SSC11977,172,33,205,1373,426,35,1834,5617,1011,8462
SSC11978,14,0,14,341,127,21,489,850,86,1425
SSC11979,7,0,7,163,70,3,236,452,33,721
SSC11980,0,0,0,20,0,0,20,64,0,84
SSC11981,0,0,0,54,17,6,77,181,16,274
SSC11982,0,0,0,42,17,0,59,143,14,216
SSC11983,225,28,253,1804,539,22,2365,8265,1381,12011
SSC11984,0,0,0,34,22,0,56,100,17,173
SSC11985,0,0,0,51,24,9,84,115,13,212
SSC11986,6,0,6,45,19,0,64,128,12,204
SSC11987,35,10,45,272,68,0,340,641,61,1042
SSC11988,0,0,0,3,0,0,3,3,0,6
SSC11989,294,60,354,2246,697,65,3008,6655,805,10468
SSC11990,0,0,0,323,73,14,410,675,40,1125
SSC11991,204,36,240,1521,597,60,2178,4816,753,7747
SSC11992,4,0,4,93,34,0,127,252,31,410
SSC11993,0,0,0,18,16,5,39,101,20,160
SSC11994,72,24,102,1241,439,21,1701,4616,810,7127
SSC11995,0,0,0,35,16,0,51,80,3,134
SSC11996,3,0,3,22,18,0,40,161,5,206
SSC11997,25,4,29,365,87,10,462,1284,438,2184
SSC11998,154,65,219,1864,556,31,2451,5505,790,8746
SSC11999,18,3,21,1335,418,58,1811,3525,414,5750
SSC12000,189,28,217,1771,549,85,2405,4324,380,7109
SSC12001,33,9,42,350,102,25,477,657,58,1192
SSC12002,3,0,3,49,19,3,71,193,17,281
SSC12003,0,0,0,40,17,0,57,106,6,169
SSC12004,12,3,15,357,132,7,496,1178,210,1884
SSC12005,6,0,6,72,19,4,95,266,17,378
SSC12006,0,3,3,61,17,0,78,162,9,249
SSC12007,3,0,3,38,24,0,62,133,22,217
SSC12008,6,0,6,35,20,0,55,142,4,201
SSC12009,4,0,4,30,4,0,34,119,3,156
SSC12010,19,4,23,1757,380,76,2213,2659,370,5242
SSC12011,0,0,0,37,19,0,56,128,8,192
SSC12012,0,0,0,3,3,0,6,12,0,18
SSC12013,0,0,0,188,47,11,246,351,41,638
SSC12014,33,3,36,1380,378,53,1811,4349,445,6605
SSC12015,3,3,6,52,26,3,81,225,25,331
SSC12016,28,7,35,881,450,57,1388,2738,251,4377
SSC12017,65,9,74,130,77,0,207,1642,405,2254
SSC12018,117,19,136,813,256,33,1102,2611,203,3916
SSC12019,21,6,27,263,111,17,391,747,57,1195
SSC12020,131,16,150,1907,691,95,2693,4568,510,7771
SSC12021,0,0,0,29,21,3,53,97,0,150
SSC12022,55,21,76,1137,291,46,1474,3111,312,4897
SSC12023,486,95,585,3539,1025,115,4679,12027,1080,17786
SSC12024,0,0,0,35,8,3,46,136,12,194
SSC12025,0,0,0,12,24,0,36,55,0,91
SSC12026,17,6,23,122,53,6,181,512,47,740
SSC12027,0,0,0,38,18,3,59,141,12,212
SSC12028,3,0,3,40,14,3,57,141,13,211
SSC12029,17,6,23,430,127,15,572,1448,234,2254
SSC12030,12,0,12,113,42,9,164,462,21,647
SSC12031,160,30,193,624,310,43,977,2696,390,4063
SSC12032,0,0,0,31,8,0,39,114,25,178
SSC12033,10,0,10,171,76,13,260,564,70,894
SSC12034,3,0,3,46,34,3,83,179,24,286
SSC12035,13,7,20,766,241,45,1052,1916,270,3238
SSC12036,4,0,4,99,48,3,150,318,35,503
SSC12037,93,30,123,915,360,39,1314,3546,488,5348
SSC12038,83,5,88,22,12,0,34,221,31,286
SSC12039,26,8,34,168,67,0,235,511,58,804
SSC12040,19,4,23,373,98,28,499,1017,109,1625
SSC12041,6,0,6,26,12,0,38,128,9,175
SSC12042,0,0,0,72,29,3,104,166,27,297
SSC12043,0,0,0,116,36,6,158,287,22,467
SSC12044,267,70,340,1466,594,36,2096,5297,610,8003
SSC12045,18,4,22,320,72,9,401,922,102,1425
SSC12046,45,16,61,631,279,45,955,1879,155,2989
SSC12047,0,0,0,0,0,0,0,21,12,33
SSC12048,0,0,0,84,33,3,120,189,24,333
SSC12049,72,22,97,532,241,30,803,1890,201,2894
SSC12050,0,0,0,73,40,3,116,273,57,446
SSC12051,0,0,0,58,14,11,83,109,13,205
SSC12052,30,3,33,688,231,34,953,1859,178,2990
SSC12053,134,18,152,963,323,64,1350,2642,303,4295
SSC12054,3,0,3,162,44,9,215,307,29,551
SSC12055,8,6,14,106,48,8,162,483,44,689
SSC12056,118,17,141,1425,327,70,1822,2931,245,4998
SSC12057,6,0,6,202,78,3,283,427,53,763
SSC12058,3,0,3,70,20,0,90,124,18,232
SSC12059,0,0,0,66,27,0,93,165,17,275
SSC12060,6,0,6,85,28,9,122,236,25,383
SSC12061,0,0,0,27,14,0,41,123,12,176
SSC12062,70,25,95,782,224,18,1024,2753,296,4073
SSC12063,0,0,0,49,15,4,68,168,21,257
SSC12064,242,43,289,3154,1061,125,4340,9768,949,15057
SSC12065,4,0,4,55,15,0,70,110,12,192
SSC12066,11,0,11,487,230,29,746,1513,304,2563
SSC12067,6,0,6,59,28,0,87,210,23,320
SSC12068,3,0,3,41,21,0,62,123,10,195
SSC12069,0,0,0,34,15,0,49,109,15,173
SSC12070,10,0,10,994,245,33,1272,1512,102,2886
SSC12071,30,8,38,518,279,33,830,1752,159,2741
SSC12072,0,0,0,3,3,0,6,15,0,21
SSC12073,38,7,45,152,98,7,257,733,82,1072
SSC12074,3,0,3,40,9,0,49,158,18,225
SSC12075,82,100,182,184,104,23,311,929,357,1597
SSC12076,70,28,98,351,164,22,537,1792,242,2571
SSC12077,82,11,97,526,273,30,829,2077,185,3091
SSC12078,11,3,14,666,177,34,877,1594,136,2607
SSC12079,9,0,9,316,52,6,374,935,1437,2746
SSC12080,6,3,9,40,29,0,69,121,9,199
SSC12081,122,13,141,862,326,35,1223,2914,324,4461
SSC12082,61,4,68,885,317,45,1247,2064,241,3552
SSC12083,6,0,6,214,54,13,281,625,35,941
SSC12084,0,0,0,36,14,9,59,120,19,198
SSC12085,0,0,0,6,0,0,6,9,0,15
SSC12086,152,27,179,1561,525,38,2124,5857,771,8752
SSC12087,6,0,6,39,24,12,75,146,34,255
SSC12088,9,0,9,178,77,18,273,525,48,846
SSC12089,14,0,14,79,21,3,103,321,50,474
SSC12090,18,3,21,154,118,11,283,769,81,1133
SSC12091,11,0,11,160,69,10,239,488,51,778
SSC12092,4,0,4,83,41,6,130,301,29,460
SSC12093,23,5,28,163,71,10,244,815,117,1176
SSC12094,0,0,0,18,14,3,35,110,12,157
SSC12095,57,3,63,300,122,15,437,925,98,1460
SSC12096,22,6,28,181,71,13,265,444,60,769
SSC12097,121,15,136,871,242,44,1157,2482,466,4105
SSC12098,4,0,4,44,12,0,56,148,21,225
SSC12099,0,0,0,163,57,20,240,293,29,562
SSC12100,133,21,154,911,369,50,1330,3168,492,4990
SSC12101,45,17,65,683,194,15,892,2250,474,3616
SSC12102,13,0,13,115,39,4,158,402,56,616
SSC12103,3,0,3,126,34,0,160,312,42,514
SSC12104,4,0,4,54,17,0,71,172,36,279
SSC12105,130,11,144,836,222,16,1074,2668,253,3995
SSC12106,30,6,36,341,148,21,510,1144,171,1825
SSC12107,21,9,30,334,97,25,456,870,116,1442
SSC12108,0,0,0,39,14,0,53,146,4,203
SSC12109,10,3,13,72,39,3,114,263,54,431
SSC12110,0,0,0,96,38,9,143,248,0,391
SSC12111,39,8,47,163,70,9,242,531,60,833
SSC12112,29,3,32,148,65,14,227,549,46,822
SSC12113,3,0,3,76,19,3,98,200,30,328
SSC12114,95,17,115,1923,1001,92,3016,5678,539,9233
SSC12115,108,31,143,939,437,57,1433,3393,579,5405
SSC12116,37,3,40,633,187,26,846,1276,115,2237
SSC12117,88,15,103,899,254,31,1184,2861,293,4338
SSC12118,137,31,168,488,191,24,703,2669,258,3630
SSC12119,50,16,66,1023,360,67,1450,2791,299,4540
SSC12120,0,0,0,12,0,0,12,28,3,43
SSC12121,3,0,3,26,16,0,42,99,4,145
SSC12122,76,14,90,521,272,24,817,1696,169,2682
SSC12123,3,0,3,60,27,0,87,197,21,305
SSC12124,5,0,5,59,20,6,85,276,64,425
SSC12125,3,0,3,74,21,6,101,142,476,719
SSC12126,0,0,0,56,14,6,76,135,0,211
SSC12127,3,0,3,264,71,0,335,549,40,924
SSC12128,3,0,3,62,19,0,81,248,26,355
SSC12129,3,0,3,69,21,0,90,175,0,265
SSC12130,3,3,6,52,21,0,73,110,25,208
SSC12131,3,0,3,46,14,3,63,229,29,321
SSC12132,0,0,0,52,25,3,80,129,12,221
SSC12133,9,4,13,310,128,13,451,895,106,1452
SSC12134,24,4,28,782,274,51,1107,1758,245,3110
SSC12135,0,0,0,52,29,0,81,108,9,198
SSC12136,0,0,0,42,15,3,60,109,12,181
SSC12137,4,0,4,354,93,25,472,654,67,1193
SSC12138,339,99,441,1340,663,103,2106,4392,382,6880
SSC12139,3,3,6,36,24,0,60,171,25,256
SSC12140,22,3,25,955,380,25,1360,2955,190,4505
SSC12141,77,11,88,3411,1192,140,4743,10062,799,15604
SSC12142,3,3,6,48,7,3,58,138,31,227
SSC12143,85,11,96,409,163,26,598,1350,145,2093
SSC12144,8,4,15,1309,336,48,1693,2696,252,4641
SSC12145,43,6,49,113,84,6,203,653,55,911
SSC12146,364,66,439,2676,1089,118,3883,8072,599,12554
SSC12147,36,6,42,577,220,14,811,1531,115,2457
SSC12148,103,3,109,748,352,8,1108,3555,256,4919
SSC12149,19,3,22,476,125,11,612,3045,389,4046
SSC12150,122,95,217,1605,598,93,2296,5490,936,8722
SSC12151,30,0,30,374,128,10,512,1740,250,2502
SSC12152,3,3,6,79,24,6,109,187,24,320
SSC12153,4,3,7,86,54,3,143,285,30,458
SSC12154,20,3,26,1834,331,70,2235,3080,219,5534
SSC12155,84,4,88,1078,329,48,1455,4673,489,6617
SSC12156,10,10,20,256,105,32,393,634,64,1091
SSC12157,3,3,9,101,28,6,135,214,18,367
SSC12158,6,0,6,65,23,0,88,245,21,354
SSC12159,137,15,152,497,336,58,891,2489,242,3622
SSC12160,6,0,6,83,37,6,126,342,56,524
SSC12161,0,0,0,37,7,6,50,114,9,173
SSC12162,0,0,0,43,18,4,65,89,20,174
SSC12163,0,0,0,41,20,0,61,104,8,173
SSC12164,562,85,662,3017,1008,69,4094,14321,1967,20382
SSC12165,27,0,27,530,161,11,702,1722,189,2613
SSC12166,30,0,30,148,66,15,229,542,49,820
SSC12167,4,0,4,46,18,3,67,150,8,225
SSC12168,0,3,3,76,34,0,110,258,42,410
SSC12169,20,6,26,60,28,6,94,437,47,578
SSC12170,0,0,0,32,15,3,50,134,12,196
SSC12171,3,3,6,42,21,0,63,131,21,215
SSC12172,46,0,46,592,177,50,819,1731,272,2822
SSC12173,117,16,133,967,266,63,1296,3934,402,5632
SSC12174,4,0,4,107,40,3,150,230,24,404
SSC12175,31,5,36,373,185,20,578,1186,113,1877
SSC12176,0,0,0,46,13,3,62,135,18,215
SSC12177,0,0,0,57,10,0,67,253,24,344
SSC12178,8,0,8,59,41,6,106,230,24,360
SSC12179,20,6,26,153,65,9,227,702,80,1009
SSC12180,46,12,58,237,118,11,366,1055,258,1679
SSC12181,12,6,18,198,74,14,286,708,101,1095
SSC12182,197,50,250,825,460,30,1315,11107,2152,14574
SSC12183,158,28,186,307,180,21,508,2367,285,3160
SSC12184,257,86,343,1544,542,59,2145,5563,723,8431
SSC12185,7,7,14,286,107,14,407,739,90,1236
SSC12186,6,0,6,78,33,7,118,328,23,469
SSC12187,8,0,8,64,36,6,106,201,32,339
SSC12188,0,0,0,59,9,0,68,133,9,210
SSC12189,157,53,214,585,343,26,954,2775,412,4141
SSC12190,8,3,11,131,53,5,189,317,67,573
SSC12191,5,0,5,124,33,3,160,667,93,920
SSC12192,49,19,68,722,267,12,1001,9793,2921,13715
SSC12193,0,0,0,9,0,0,9,24,19,52
SSC12194,324,57,384,1465,803,49,2317,5193,552,8062
SSC12195,40,9,49,541,224,14,779,1641,129,2549
SSC12196,3,0,3,278,59,11,348,545,39,932
SSC12197,3,3,6,79,18,6,103,348,49,500
SSC12198,8,0,8,117,70,11,198,346,49,593
SSC12199,3,0,3,50,27,0,77,124,15,216
SSC12200,41,15,56,732,327,46,1105,2190,252,3547
SSC12201,3,0,3,17,12,0,29,144,0,173
SSC12202,0,3,3,63,22,3,88,153,28,269
SSC12203,6,0,6,51,23,3,77,153,14,244
SSC12204,7,0,7,109,35,3,147,357,48,552
SSC12205,3,0,3,69,25,6,100,331,33,464
SSC12206,14,6,20,184,61,9,254,727,267,1248
SSC12207,0,0,0,94,23,3,120,284,22,426
SSC12208,6,0,6,7,0,0,7,29,3,39
SSC12209,7,0,7,27,9,0,36,124,50,210
SSC12210,67,13,80,437,189,20,646,1499,169,2314
SSC12211,6,0,6,57,24,9,90,201,20,311
SSC12212,6,0,6,19,6,0,25,67,6,98
SSC12213,3,3,6,34,10,3,47,114,18,179
SSC12214,3,0,3,100,51,7,158,318,76,552
SSC12215,3,0,3,48,15,6,69,202,13,284
SSC12216,18,0,18,49,14,0,63,132,24,219
SSC12217,0,0,0,31,7,4,42,107,6,155
SSC12218,9,6,15,84,39,6,129,339,39,507
SSC12219,540,100,643,2141,910,140,3191,8545,1085,12821
SSC12220,4,0,4,44,22,3,69,163,10,242
SSC12221,164,18,186,191,144,3,338,1052,103,1493
SSC12222,0,0,0,31,19,3,53,148,9,210
SSC12223,59,8,67,323,142,15,480,1032,111,1623
SSC12224,31,8,39,227,126,12,365,879,95,1339
SSC12225,23,9,32,253,106,13,372,810,194,1376
SSC12226,0,0,0,22,12,0,34,94,15,143
SSC12227,33,8,41,210,91,15,316,879,99,1294
SSC12228,62,4,66,431,119,28,578,960,64,1602
SSC12229,0,0,0,38,18,3,59,206,20,285
SSC12230,0,0,0,13,12,3,28,45,12,85
SSC12231,57,6,63,250,155,14,419,1570,144,2133
SSC12232,48,8,56,349,181,21,551,1068,166,1785
SSC12233,3,3,6,89,41,9,139,332,36,507
SSC12234,59,16,75,811,249,24,1084,2890,357,4331
SSC12235,8,0,8,48,17,3,68,226,10,304
SSC12236,119,25,148,602,306,34,942,2398,243,3583
SSC12237,27,12,39,521,154,21,696,1743,282,2721
SSC12238,28,12,40,474,234,25,733,1526,156,2415
SSC12239,3,3,6,61,24,5,90,241,17,348
SSC12240,16,7,23,209,84,0,293,556,54,903
SSC12241,97,11,108,526,240,19,785,2188,249,3222
SSC12242,83,5,88,235,120,9,364,842,89,1295
SSC12243,4,0,4,53,6,0,59,108,11,178
SSC12244,0,5,5,25,31,0,56,133,11,200
SSC12245,0,0,0,36,18,4,58,140,11,209
SSC12246,0,0,0,39,18,6,63,112,19,194
SSC12247,32,0,32,528,152,28,708,1351,108,2167
SSC12248,18,41,59,524,216,32,772,1411,156,2339
SSC12249,123,31,158,1597,787,82,2466,5614,686,8766
SSC12250,0,0,0,42,20,0,62,128,4,194
SSC12251,0,0,0,44,16,0,60,85,11,156
SSC12252,3,3,6,36,9,0,45,137,6,188
SSC12253,4,0,4,127,35,0,162,317,45,524
SSC12254,0,0,0,89,34,0,123,247,18,388
SSC12255,64,31,95,461,221,20,702,1963,574,3239
SSC12256,13,5,18,211,93,7,311,700,108,1119
SSC12257,17,8,25,168,122,18,308,1114,117,1539
SSC12258,27,6,33,188,91,20,299,899,88,1286
SSC12259,3,0,3,54,7,0,61,116,4,181
SSC12260,18,0,18,463,175,25,663,1105,97,1865
SSC12261,0,0,0,35,17,0,52,173,25,250
SSC12262,6,0,6,50,22,6,78,176,36,290
SSC12263,0,0,3,757,118,24,899,1115,81,2095
SSC12264,5,0,5,18,11,6,35,100,9,144
SSC12265,22,4,26,156,95,9,260,540,49,849
SSC12266,6,3,9,33,17,0,50,360,241,651
SSC12267,0,0,0,35,26,0,61,149,12,222
SSC12268,5,0,5,41,29,0,70,207,19,296
SSC12269,4,0,4,82,45,0,127,297,27,451
SSC12270,95,22,117,576,222,24,822,1700,257,2779
SSC12271,103,17,124,974,472,81,1527,2699,278,4504
SSC12272,4,0,4,50,22,6,78,143,13,234
SSC12273,107,16,128,1568,478,91,2137,3935,261,6333
SSC12274,28,3,31,1648,526,90,2264,3447,271,5982
SSC12275,8,0,8,37,12,0,49,95,31,175
SSC12276,51,9,60,1283,381,82,1746,2639,201,4586
SSC12277,0,0,0,52,15,3,70,124,12,206
SSC12278,18,5,26,259,93,30,382,817,115,1314
SSC12279,6,0,6,72,23,0,95,182,23,300
SSC12280,11,0,11,163,52,6,221,579,56,856
SSC12281,18,0,18,394,154,29,577,891,50,1518
SSC12282,8,3,11,169,57,16,242,524,64,830
SSC12283,7,0,7,126,36,4,166,410,49,625
SSC12284,0,0,0,67,33,0,100,195,18,313
SSC12285,60,13,73,280,126,9,415,1414,200,2029
SSC12286,45,7,56,477,206,20,703,1837,237,2777
SSC12287,6,0,6,29,15,0,44,177,27,248
SSC12288,19,3,22,100,37,9,146,538,77,761
SSC12289,3,3,6,144,54,6,204,490,75,769
SSC12290,0,0,0,43,23,0,66,187,20,273
SSC12291,3,0,3,16,10,0,26,115,9,150
SSC12292,0,4,4,50,3,0,53,204,17,274
SSC12293,109,20,132,2231,720,69,3020,6687,686,10393
SSC12294,3,0,3,61,24,4,89,169,41,299
SSC12295,184,36,220,864,340,44,1248,3267,393,4908
SSC12296,16,8,24,63,56,3,122,308,58,488
SSC12297,196,36,232,713,435,41,1189,2918,397,4504
SSC12298,3,0,3,24,9,3,36,95,9,140
SSC12299,24,0,24,93,27,3,123,365,37,525
SSC12300,178,50,228,494,223,26,743,2354,407,3504
SSC12301,0,3,3,53,8,0,61,197,47,305
SSC12302,12,3,15,143,66,6,215,385,34,634
SSC12303,172,26,201,485,205,25,715,1707,177,2599
SSC12304,3,3,6,38,13,3,54,187,26,267
SSC12305,17,13,30,171,68,14,253,615,87,955
SSC12306,0,0,0,67,35,6,108,287,23,418
SSC12307,24,3,27,535,212,24,771,1681,366,2818
SSC12308,16,0,16,103,38,7,148,342,39,529
SSC12309,6,3,9,33,18,3,54,140,25,219
SSC12310,0,0,0,38,16,0,54,156,26,236
SSC12311,0,0,0,40,15,9,64,129,25,218
SSC12312,3,0,3,52,18,3,73,127,9,209
SSC12313,0,3,6,29,12,0,41,97,18,156
SSC12314,14,0,14,198,58,10,266,454,49,769
SSC12315,15,0,15,181,75,8,264,639,77,980
SSC12316,13,6,19,63,23,0,86,179,28,293
SSC12317,4,0,4,57,31,3,91,180,19,290
SSC12318,6,0,6,67,32,6,105,170,18,293
SSC12319,0,0,0,41,14,3,58,49,6,113
SSC12320,58,8,66,236,85,19,340,933,128,1401
SSC12321,76,33,112,806,360,44,1210,2448,296,3954
SSC12322,9,0,9,56,29,6,91,169,9,269
SSC12323,0,0,0,77,27,3,107,164,28,299
SSC12324,153,34,191,968,360,50,1378,3174,415,4967
SSC12325,289,111,400,550,275,28,853,3743,556,5152
SSC12326,85,28,116,341,162,10,513,1889,127,2529
SSC12327,0,0,0,36,19,0,55,130,10,195
SSC12328,44,0,44,230,143,9,382,1387,119,1888
SSC12329,324,42,369,1967,666,97,2730,5657,437,8824
SSC12330,18,0,18,282,86,12,380,736,87,1203
SSC12331,59,20,79,561,195,27,783,1847,161,2791
SSC12332,384,101,488,752,401,22,1175,4739,772,6686
SSC12333,336,93,429,812,381,52,1245,4803,744,6792
SSC12334,168,59,227,653,303,37,993,3483,525,5001
SSC12335,0,0,0,17,9,3,29,90,11,130
SSC12336,6,3,9,92,23,5,120,242,21,383
SSC12337,4,0,4,45,20,6,71,169,37,277
SSC12338,5,0,5,131,52,7,190,364,60,614
SSC12339,3,3,6,73,24,0,97,204,23,324
SSC12340,124,32,159,802,339,31,1172,3478,392,5042
SSC12341,21,0,21,107,46,13,166,444,36,646
SSC12342,0,0,0,37,8,3,48,126,32,206
SSC12343,19,5,24,393,138,3,534,4761,1402,6697
SSC12344,316,271,596,2527,1055,125,3707,8047,1242,12996
SSC12345,235,38,273,838,416,62,1316,2965,313,4594
SSC12346,8,0,8,49,23,0,72,158,24,254
SSC12347,0,0,0,34,24,3,61,141,29,231
SSC12348,3,0,3,35,9,3,47,121,15,183
SSC12349,0,0,0,34,9,3,46,105,4,155
SSC12350,0,0,0,43,9,0,52,99,19,170
SSC12351,11,0,11,56,32,0,88,308,22,418
SSC12352,0,0,0,26,18,3,47,101,16,164
SSC12353,4,0,4,44,16,3,63,175,18,256
SSC12354,3,0,3,126,20,0,146,389,46,581
SSC12355,0,3,3,50,18,3,71,225,21,317
SSC12356,0,0,0,32,18,0,50,107,13,170
SSC12357,39,16,55,413,181,14,608,1408,179,2195
SSC12358,8,3,14,29,19,3,51,193,18,262
SSC12359,6,0,6,166,49,6,221,475,29,725
SSC12360,3,10,13,61,30,3,94,235,35,364
SSC12361,69,12,84,349,167,28,544,1849,162,2555
SSC12362,4,0,4,87,34,0,121,258,64,443
SSC12363,5,0,5,73,36,3,112,281,31,424
SSC12364,65,7,78,926,559,61,1546,2781,171,4498
SSC12365,7,0,7,144,41,4,189,442,50,681
SSC12366,22,7,29,139,57,16,212,733,78,1023
SSC12367,15,3,18,238,113,16,367,722,33,1122
SSC12368,0,0,0,9,12,0,21,77,3,101
SSC12369,198,42,244,1625,516,49,2190,4324,640,7154
SSC12370,6,0,6,46,19,0,65,198,21,284
SSC12371,3,0,3,62,15,4,81,242,12,335
SSC12372,66,19,85,652,205,11,868,2681,697,4246
SSC12373,64,28,92,339,159,21,519,1542,307,2368
SSC12374,17,7,24,166,78,12,256,634,103,993
SSC12375,0,0,0,0,0,0,0,0,0,0
SSC12376,0,0,0,286,79,11,376,614,36,1026
SSC12377,11,3,14,358,86,21,465,775,59,1299
SSC12378,189,51,243,795,424,28,1247,4353,473,6073
SSC12379,6,0,6,28,18,3,49,94,18,161
SSC12380,466,121,594,2949,1069,117,4135,8464,734,13333
SSC12381,176,18,194,1045,201,23,1269,2901,225,4395
SSC12382,6,3,9,28,9,0,37,107,9,153
SSC12383,30,3,33,653,237,10,900,2686,197,3783
SSC12384,6,0,6,63,38,6,107,222,50,379
SSC12385,0,0,0,45,12,0,57,99,12,168
SSC12386,65,11,76,367,118,12,497,1416,121,2034
SSC12387,16,3,22,346,129,17,492,952,236,1680
SSC12388,7,0,7,138,68,3,209,473,43,725
SSC12389,3,0,3,31,8,0,39,140,12,191
SSC12390,0,0,0,91,30,9,130,284,21,435
SSC12391,19,4,23,296,120,9,425,827,86,1338
SSC12392,9,3,12,45,33,6,84,342,36,462
SSC12393,7,0,7,84,40,6,130,238,20,388
SSC12394,3,0,3,219,59,11,289,380,31,700
SSC12395,3,0,3,53,19,0,72,83,13,168
SSC12396,6,0,6,68,41,0,109,192,29,330
SSC12397,4,0,4,55,18,0,73,173,19,265
SSC12398,6,0,6,104,58,0,162,358,15,535
SSC12399,3,0,3,44,14,3,61,147,27,235
SSC12400,6,3,9,321,112,14,447,888,122,1457
SSC12401,412,58,470,1843,871,107,2821,6673,657,10151
SSC12402,112,13,128,1141,450,88,1679,2958,310,4947
SSC12403,3,0,3,295,98,18,411,861,74,1346
SSC12404,3,0,3,32,3,3,38,82,24,144
SSC12405,0,0,0,76,19,3,98,208,32,338
SSC12406,0,0,0,37,14,0,51,180,24,255
SSC12407,39,7,46,357,213,29,599,1508,148,2255
SSC12408,3,0,6,49,19,9,77,136,12,225
SSC12409,102,11,113,271,157,7,435,1227,129,1791
SSC12410,334,102,436,577,268,36,881,2715,462,4058
SSC12411,38,6,44,352,205,22,579,1577,118,2274
SSC12412,9,0,9,171,71,9,251,468,27,746
SSC12413,0,0,0,20,13,3,36,106,4,146
SSC12414,35,3,38,253,85,6,344,804,66,1214
SSC12415,40,5,45,263,93,20,376,931,84,1391
SSC12416,3,0,3,26,9,0,35,116,15,166
SSC12417,134,17,151,876,435,59,1370,3389,465,5224
SSC12418,163,35,203,1199,640,63,1902,3797,363,6062
SSC12419,4,0,4,97,45,6,148,257,29,434
SSC12420,0,0,0,31,10,0,41,102,6,149
SSC12421,18,6,24,206,62,12,280,605,77,962
SSC12422,4,0,4,66,25,3,94,219,9,322
SSC12423,41,4,45,509,188,11,708,1466,171,2345
SSC12424,104,14,118,568,283,14,865,2611,381,3857
SSC12425,3,0,3,43,10,0,53,78,6,137
SSC12426,3,6,9,36,7,0,43,153,15,211
SSC12427,20,6,26,236,103,9,348,823,95,1266
SSC12428,0,0,0,63,16,0,79,121,22,222
SSC12429,116,46,168,1321,369,69,1759,2624,304,4687
SSC12430,25,4,29,455,162,30,647,1105,74,1826
SSC12431,24,12,36,597,126,16,739,2299,599,3637
SSC12432,17,9,26,668,211,29,908,1717,250,2875
SSC12433,3,0,3,87,50,5,142,214,14,370
SSC12434,102,45,147,665,287,15,967,7134,1839,9940
SSC12435,10,6,16,226,102,11,339,706,51,1096
SSC12436,20,9,29,134,45,7,186,459,104,749
SSC12437,0,0,0,37,15,0,52,166,27,245
SSC12438,3,0,3,40,13,3,56,147,0,203
SSC12439,8,0,8,42,13,3,58,219,20,297
SSC12440,19,9,28,1804,361,89,2254,3577,208,6039
SSC12441,6,3,9,313,74,22,409,492,33,934
SSC12442,126,94,225,944,374,59,1377,2817,434,4628
SSC12443,3,0,6,46,24,3,73,205,28,306
SSC12444,187,94,281,615,167,34,816,2279,474,3569
SSC12445,25,8,38,346,176,15,537,1774,181,2492
SSC12446,0,0,0,34,19,0,53,111,0,164
SSC12447,6,0,6,86,52,3,141,322,23,486
SSC12448,3,3,6,48,17,3,68,127,21,216
SSC12449,30,0,30,322,117,26,465,985,150,1600
SSC12450,6,0,6,51,24,0,75,157,13,245
SSC12451,3,0,3,32,6,3,41,70,3,114
SSC12452,7,3,10,126,46,3,175,353,51,579
SSC12453,111,8,128,494,246,18,758,2112,332,3202
SSC12454,3,0,3,22,12,0,34,68,6,108
SSC12455,0,0,0,47,9,6,62,159,20,241
SSC12456,30,25,55,129,68,6,203,700,157,1060
SSC12457,145,21,166,856,374,54,1284,3175,429,4888
SSC12458,14,3,20,337,116,6,459,1660,317,2436
SSC12459,117,32,159,1882,469,49,2400,5444,675,8519
SSC12460,0,3,3,32,17,6,55,150,3,208
SSC12461,6,0,6,158,57,7,222,395,30,647
SSC12462,9,0,9,90,44,0,134,277,24,435
SSC12463,17,4,21,641,250,24,915,1840,260,3015
SSC12464,20,6,26,645,336,36,1017,1765,148,2930
SSC12465,11,0,11,600,253,28,881,1608,133,2622
SSC12466,31,3,34,214,98,9,321,993,99,1413
SSC12467,200,17,217,577,243,24,844,2151,228,3223
SSC12468,60,12,72,368,201,27,596,1700,206,2502
SSC12469,51,15,70,590,276,39,905,1820,263,2988
SSC12470,129,42,171,179,82,9,270,777,159,1206
SSC12471,44,74,118,100,57,6,163,653,166,982
SSC12472,18,7,25,1872,425,40,2337,3852,422,6611
SSC12473,206,29,235,639,275,35,949,2390,360,3699
SSC12474,3,0,3,207,67,6,280,520,63,863
SSC12475,196,27,230,2771,1095,128,3994,8655,402,13051
SSC12476,113,16,132,1066,260,60,1386,2333,120,3839
SSC12477,157,42,203,1994,503,42,2539,6762,603,9904
SSC12478,80,20,100,741,319,37,1097,2526,426,4049
SSC12479,16,3,19,315,130,19,464,769,106,1339
SSC12480,58,11,73,772,288,39,1099,2212,248,3559
SSC12481,92,21,113,442,177,22,641,1591,181,2413
SSC12482,6,0,6,454,151,26,631,934,114,1679
SSC12483,38,7,45,829,343,29,1201,2244,105,3550
SSC12484,203,42,251,2675,425,33,3133,7348,920,11401
SSC12485,86,12,98,611,272,34,917,1695,206,2818
SSC12486,44,0,44,795,400,24,1219,3494,306,5019
SSC12487,38,4,42,779,315,36,1130,2750,495,4375
SSC12488,0,0,0,36,12,6,54,186,14,254
SSC12489,0,0,0,0,0,0,0,3,0,3
SSC12490,0,0,0,9,4,0,13,67,12,92
SSC12491,4,0,4,128,44,12,184,313,25,522
SSC12492,28,3,31,477,198,28,703,1230,111,2044
SSC12493,0,4,4,72,43,0,115,359,28,502
SSC12494,0,0,0,69,20,7,96,174,27,297
SSC12495,4,0,4,28,8,0,36,131,10,177
SSC12496,0,0,0,26,15,0,41,106,24,171
SSC12497,13,0,13,107,59,3,169,628,66,863
SSC12498,30,3,33,508,202,26,736,1337,205,2278
SSC12499,3,0,3,144,56,13,213,384,18,615
SSC12500,6,0,6,61,40,3,104,319,19,442
SSC12501,56,13,69,1606,244,18,1868,4515,959,7342
SSC12502,3,0,3,40,19,6,65,144,36,245
SSC12503,19,6,25,86,60,0,146,568,84,798
SSC12504,6,6,12,350,128,17,495,1051,204,1750
SSC12505,149,14,167,1222,289,44,1555,2782,277,4614
SSC12506,21,6,31,404,76,20,500,754,72,1326
SSC12507,4,0,4,50,20,3,73,230,41,344
SSC12508,3,0,3,106,48,3,157,336,40,533
SSC12509,3,3,6,40,15,9,64,137,46,247
SSC12510,6,0,6,354,122,21,497,906,72,1475
SSC12511,27,14,41,375,203,23,601,1516,298,2415
SSC12512,43,18,61,328,201,15,544,1483,218,2245
SSC12513,0,0,0,123,40,10,173,286,11,470
SSC12514,0,0,0,35,18,0,53,180,31,264
SSC12515,5,0,5,129,32,4,165,344,33,542
SSC12516,3,3,6,48,23,0,71,278,36,385
SSC12517,32,7,39,468,188,35,691,1346,131,2168
SSC12518,56,14,70,271,130,4,405,942,121,1468
SSC12519,3,0,3,230,86,9,325,667,58,1050
SSC12520,3,0,3,63,28,3,94,167,31,292
SSC12521,0,0,0,61,19,0,80,113,9,202
SSC12522,119,25,144,775,307,29,1111,2836,294,4241
SSC12523,3,0,3,28,6,3,37,108,15,160
SSC12524,52,13,65,1253,535,72,1860,3134,162,5156
SSC12525,222,69,298,2015,856,96,2967,5465,452,8884
SSC12526,0,0,0,38,6,0,44,106,9,159
SSC12527,6,3,9,56,15,6,77,231,26,334
SSC12528,0,0,0,24,6,0,30,100,23,153
SSC12529,0,0,0,37,20,4,61,170,18,249
SSC12530,3,4,7,21,7,0,28,156,38,222
SSC12531,0,0,0,295,77,3,375,1970,210,2555
SSC12532,3,0,3,40,21,3,64,224,21,309
SSC12533,24,5,29,403,153,15,571,1194,125,1890
SSC12534,323,62,385,1552,1041,61,2654,10899,1494,15047
SSC12535,101,19,120,929,386,27,1342,5342,532,7216
SSC12536,9,0,9,145,52,9,206,446,52,704
SSC12537,8,0,8,149,58,18,225,435,26,686
SSC12538,3,3,6,46,25,0,71,109,15,195
SSC12539,6,3,9,39,11,0,50,147,15,212
SSC12540,0,3,3,68,14,0,82,115,12,209
SSC12541,6,0,6,137,53,10,200,299,64,563
SSC12542,0,0,0,15,17,3,35,116,5,156
SSC12543,6,6,16,485,219,21,725,1442,224,2391
SSC12544,10,5,15,396,192,16,604,1369,124,2097
SSC12545,16,3,19,123,45,10,178,393,46,617
SSC12546,30,0,30,1192,275,28,1495,3344,233,5072
SSC12547,6,6,12,60,29,3,92,264,32,388
SSC12548,12,3,15,351,102,12,465,909,72,1446
SSC12549,3,0,3,41,17,8,66,195,20,281
SSC12550,0,0,0,21,10,3,34,80,6,120
SSC12551,4,0,4,244,98,3,345,619,40,1004
SSC12552,0,0,0,236,72,8,316,573,42,931
SSC12553,0,0,0,21,6,0,27,77,0,104
SSC12554,7,6,13,99,37,7,143,489,56,688
SSC12555,3,0,3,51,9,3,63,135,12,210
SSC12556,3,0,3,38,15,9,62,133,0,195
SSC12557,5,0,5,95,31,10,136,307,35,478
SSC12558,3,0,3,38,7,0,45,122,30,197
SSC12559,139,29,168,682,281,32,995,2841,322,4158
SSC12560,8,0,8,63,19,0,82,307,24,413
SSC12561,223,59,286,1000,436,25,1461,4060,623,6144
SSC12562,11,0,11,99,36,3,138,358,49,545
SSC12563,12,0,15,216,128,10,354,2491,630,3475
SSC12564,7,0,7,49,18,0,67,158,16,241
SSC12565,72,19,95,765,282,54,1101,2000,200,3301
SSC12566,0,4,4,78,30,3,111,198,23,332
SSC12567,37,11,48,102,71,4,177,449,59,685
SSC12568,0,0,0,30,14,6,50,122,9,181
SSC12569,12,0,12,91,34,6,131,461,37,629
SSC12570,49,5,54,960,260,56,1276,1639,276,3191
SSC12571,307,51,358,2010,846,109,2965,5716,524,9205
SSC12572,0,0,0,31,6,0,37,134,7,178
SSC12573,0,0,0,3,0,3,6,11,0,17
SSC12574,10,0,10,427,160,21,608,1009,104,1721
SSC12575,6,0,6,558,170,28,756,1547,61,2364
SSC12576,14,10,24,910,261,59,1230,1852,234,3316
SSC12577,66,20,86,4,3,0,7,263,64,334
SSC12578,408,108,519,1336,656,62,2054,5723,828,8605
SSC12579,3,3,6,52,40,3,95,224,49,368
SSC12580,7,0,7,146,60,4,210,414,28,652
SSC12581,4,0,4,26,19,0,45,148,14,207
SSC12582,0,0,0,0,0,0,0,3,0,3
SSC12583,33,68,101,405,183,13,601,1275,210,2086
SSC12584,6,0,6,121,39,4,164,354,16,534
SSC12585,3,5,8,70,18,6,94,326,88,508
SSC12586,513,87,607,1454,644,111,2209,5233,592,8034
SSC12587,80,16,96,464,243,26,733,2047,266,3046
SSC12588,5,0,5,59,36,3,98,206,23,327
SSC12589,18,10,28,349,117,19,485,943,104,1532
SSC12590,0,0,0,91,31,5,127,189,21,337
SSC12591,334,67,407,2352,675,46,3073,8156,1205,12434
SSC12592,165,51,216,696,315,27,1038,3754,421,5213
SSC12593,4,3,7,82,37,6,125,394,178,697
SSC12594,0,0,0,135,35,6,176,285,32,493
SSC12595,4,0,4,70,11,0,81,144,10,235
SSC12596,4,0,4,37,18,0,55,229,23,307
SSC12597,0,3,3,91,20,9,120,216,39,375
SSC12598,4,0,4,169,63,6,238,391,24,653
SSC12599,3,0,3,46,17,0,63,170,19,252
SSC12600,0,0,0,0,0,0,0,0,0,0
SSC12601,10,0,10,156,47,5,208,582,54,844
SSC12602,20,3,23,537,252,16,805,1561,52,2418
SSC12603,0,0,0,62,16,3,81,287,84,452
SSC12604,6,0,6,64,27,3,94,189,24,307
SSC12605,3,0,3,46,24,0,70,137,9,216
SSC12606,0,0,0,31,6,0,37,87,6,130
SSC12607,0,0,0,41,10,0,51,111,0,162
SSC12608,118,50,172,1063,418,67,1548,3050,398,4996
SSC12609,3,3,6,102,38,3,143,276,45,464
SSC12610,0,0,0,113,49,4,166,220,17,403
SSC12611,0,0,0,23,25,3,51,121,13,185
SSC12612,0,0,0,168,65,13,246,445,18,709
SSC12613,4,0,4,84,28,6,118,180,18,316
SSC12614,19,6,25,254,94,4,352,707,89,1148
SSC12615,86,3,89,153,62,3,218,844,77,1139
SSC12616,23,0,23,52,19,0,71,232,27,330
SSC12617,3,0,3,96,27,3,126,211,44,381
SSC12618,3,3,6,222,50,6,278,460,57,795
SSC12619,6,0,6,39,23,3,65,127,14,206
SSC12620,4,0,4,43,18,3,64,205,12,281
SSC12621,44,3,47,131,45,10,186,489,65,740
SSC12622,3,3,6,100,26,3,129,192,21,342
SSC12623,243,52,295,1608,583,86,2277,4849,683,7809
SSC12624,61,10,76,550,224,28,802,1640,98,2540
SSC12625,0,0,0,0,3,0,3,6,0,9
SSC12626,3,0,3,409,121,15,545,2484,390,3419
SSC19191,0,0,0,0,0,0,0,0,0,0
SSC19494,69,52,121,1112,551,44,1707,7209,2820,11736
SSC19797,0,0,0,6,0,0,6,89,15,110
