region_id,Intct_fam_no_otr_chld_pre_Fam,Step_fam_no_otr_chld_pre_Fam,Blnd_fam_no_otr_chld_pre_Fam,Intct_fam_othr_child_pres_Fam,Step_fam_othr_child_pres_Fam,Blnd_fam_othr_child_pres_Fam,Otr_cpl_fam_otr_chld_only_Fam,Tot_Families
SSC10001,709,34,15,11,0,0,0,769
SSC10002,536,44,12,0,0,3,0,595
SSC10003,143,7,9,0,0,0,0,159
SSC10004,220,20,21,5,0,0,0,266
SSC10005,210,28,9,0,0,0,0,247
SSC10006,32,3,0,0,0,0,0,35
SSC10007,408,33,21,7,0,0,0,469
SSC10008,221,26,17,5,0,3,8,280
SSC10009,22,0,0,5,0,0,0,27
SSC10010,599,32,26,7,0,0,0,664
SSC10011,16,0,0,0,0,0,0,16
SSC10012,544,40,21,0,3,0,3,611
SSC10013,628,37,27,5,0,0,0,697
SSC10014,87,5,7,3,0,0,3,105
SSC10015,105,9,7,0,0,0,0,121
SSC10016,205,24,16,7,0,3,4,259
SSC10017,6,3,0,3,0,0,3,15
SSC10018,1635,149,108,23,3,4,9,1931
SSC10019,662,93,56,15,0,0,5,831
SSC10020,352,33,11,5,0,0,3,404
SSC10021,61,6,4,0,0,0,0,71
SSC10022,418,40,8,4,0,0,0,470
SSC10023,577,24,12,0,4,0,0,617
SSC10024,31,3,3,0,0,0,0,37
SSC10025,942,50,20,10,0,0,0,1022
SSC10026,30,3,3,0,0,0,0,36
SSC10027,621,37,12,4,0,0,5,679
SSC10028,15,0,0,0,0,0,3,18
SSC10029,20,3,0,0,0,0,0,23
SSC10030,23,3,4,0,0,0,0,30
SSC10031,45,5,0,4,0,0,0,54
SSC10032,492,36,26,3,0,0,0,557
SSC10033,20,0,0,0,0,0,0,20
SSC10034,706,57,58,14,0,5,11,851
SSC10035,26,4,0,0,0,0,4,34
SSC10036,25,0,4,0,0,0,0,29
SSC10037,15,3,0,0,0,0,0,18
SSC10038,329,46,24,6,0,0,5,410
SSC10039,801,52,20,0,0,0,3,876
SSC10040,200,5,11,3,0,0,0,219
SSC10041,245,17,17,5,0,0,0,284
SSC10042,4,0,0,0,0,0,0,4
SSC10043,43,5,3,0,0,0,0,51
SSC10044,12,5,0,0,0,0,0,17
SSC10045,176,9,8,0,0,0,0,193
SSC10046,126,27,4,0,0,0,0,157
SSC10047,33,6,0,0,0,0,0,39
SSC10048,19,3,3,3,0,0,0,28
SSC10049,101,10,5,4,0,0,0,120
SSC10050,23,4,3,0,0,0,0,30
SSC10051,64,3,6,3,0,0,0,76
SSC10052,36,0,0,0,0,0,0,36
SSC10053,1818,144,86,17,4,4,12,2085
SSC10054,998,49,14,6,0,0,6,1073
SSC10055,0,0,0,0,0,0,0,0
SSC10056,8,3,5,3,0,0,0,19
SSC10057,40,4,0,3,0,0,0,47
SSC10058,1007,42,9,8,0,0,3,1069
SSC10059,485,14,7,4,0,0,0,510
SSC10060,26,4,0,0,0,0,0,30
SSC10061,23,7,3,4,0,0,0,37
SSC10062,311,25,17,11,0,3,4,371
SSC10063,2023,107,35,31,0,3,12,2211
SSC10064,65,9,6,3,0,0,3,86
SSC10065,36,3,3,0,0,0,0,42
SSC10066,276,32,30,5,0,0,3,346
SSC10067,622,46,32,6,0,0,0,706
SSC10068,495,17,13,6,0,0,0,531
SSC10069,79,3,3,0,0,0,3,88
SSC10070,4043,179,74,69,0,5,18,4388
SSC10071,310,13,9,3,0,0,3,338
SSC10072,344,23,10,3,0,0,0,380
SSC10073,1322,109,45,9,0,3,0,1488
SSC10074,538,34,19,3,0,0,0,594
SSC10075,41,4,3,0,0,0,0,48
SSC10076,30,3,0,0,0,0,0,33
SSC10077,54,0,3,0,0,0,0,57
SSC10078,33,3,3,3,0,0,0,42
SSC10079,39,3,3,3,0,0,3,51
SSC10080,43,3,0,3,0,0,0,49
SSC10081,26,7,0,0,0,0,0,33
SSC10082,78,5,4,0,0,0,0,87
SSC10083,40,0,4,0,0,0,0,44
SSC10084,907,57,17,3,0,3,0,987
SSC10085,544,17,8,3,0,0,3,575
SSC10086,660,37,22,4,0,0,7,730
SSC10087,24,0,0,0,0,0,4,28
SSC10088,15,0,3,0,0,0,0,18
SSC10089,391,49,29,3,0,3,0,475
SSC10090,910,56,12,0,0,0,0,978
SSC10091,168,16,6,0,0,0,0,190
SSC10092,80,5,6,0,0,0,0,91
SSC10093,42,3,4,0,0,0,0,49
SSC10094,156,5,3,0,0,4,4,172
SSC10095,28,3,0,3,0,0,0,34
SSC10096,85,3,0,3,0,0,0,91
SSC10097,202,14,12,0,0,0,0,228
SSC10098,41,0,0,0,0,0,0,41
SSC10099,824,51,34,3,0,3,0,915
SSC10100,400,17,11,8,0,0,0,436
SSC10101,0,0,0,0,0,0,0,0
SSC10102,3508,208,95,77,0,6,15,3909
SSC10103,0,0,0,0,0,0,0,0
SSC10104,18,4,3,0,0,0,0,25
SSC10105,34,3,3,0,0,0,0,40
SSC10106,1226,147,89,17,0,4,11,1494
SSC10107,93,9,3,0,0,0,0,105
SSC10108,33,3,0,0,0,0,0,36
SSC10109,59,7,5,0,0,0,3,74
SSC10110,3,0,0,0,0,0,0,3
SSC10111,0,0,0,0,0,0,0,0
SSC10112,678,52,20,12,0,0,0,762
SSC10113,342,12,0,6,0,0,0,360
SSC10114,281,19,9,0,0,0,4,313
SSC10115,75,6,0,0,0,0,3,84
SSC10116,488,39,26,11,0,0,0,564
SSC10117,122,5,5,0,0,0,0,132
SSC10118,21,0,0,3,0,0,0,24
SSC10119,34,3,3,0,0,0,0,40
SSC10120,196,26,19,3,3,3,0,250
SSC10121,135,11,13,0,0,0,4,163
SSC10122,101,14,6,3,0,0,0,124
SSC10123,574,56,40,10,0,3,9,692
SSC10124,67,4,3,0,0,0,0,74
SSC10125,27,3,0,0,0,0,0,30
SSC10126,48,3,0,5,0,0,0,56
SSC10127,25,3,0,0,0,0,0,28
SSC10128,122,16,6,0,0,3,0,147
SSC10129,1008,42,24,14,0,0,0,1088
SSC10130,1113,106,64,8,0,3,3,1297
SSC10131,95,14,7,3,0,0,0,119
SSC10132,52,7,3,0,0,0,0,62
SSC10133,369,33,22,6,0,0,0,430
SSC10134,103,12,15,0,0,0,0,130
SSC10135,5019,221,106,45,0,3,3,5397
SSC10136,37,3,0,3,0,0,3,46
SSC10137,48,3,0,3,0,0,0,54
SSC10138,334,19,13,3,0,0,0,369
SSC10139,1001,49,23,14,0,0,5,1092
SSC10140,77,6,3,0,0,0,0,86
SSC10141,13,0,0,0,0,0,0,13
SSC10142,1367,70,49,12,0,0,4,1502
SSC10143,25,0,0,0,0,0,0,25
SSC10144,25,0,0,0,0,0,0,25
SSC10145,49,0,0,0,0,0,3,52
SSC10146,1354,69,16,12,0,0,0,1451
SSC10147,0,0,0,0,0,0,0,0
SSC10148,36,3,3,0,0,0,0,42
SSC10149,392,41,33,4,0,0,5,475
SSC10150,14,0,0,0,0,0,0,14
SSC10151,799,49,13,5,0,0,0,866
SSC10152,19,0,3,0,0,0,0,22
SSC10153,68,7,7,3,0,0,3,88
SSC10154,1230,50,25,20,0,0,0,1325
SSC10155,279,26,27,12,0,0,5,349
SSC10156,14,4,3,0,0,0,0,21
SSC10157,35,3,3,3,0,3,0,47
SSC10158,11,0,0,0,0,0,0,11
SSC10159,208,24,20,0,4,0,4,260
SSC10160,78,13,4,0,0,3,0,98
SSC10161,17,4,4,0,0,0,0,25
SSC10162,1084,62,35,0,0,0,0,1181
SSC10163,291,48,24,0,0,0,6,369
SSC10164,570,48,28,6,0,0,3,655
SSC10165,695,60,37,7,3,3,4,809
SSC10166,89,15,6,4,0,0,0,114
SSC10167,1470,78,36,24,0,0,0,1608
SSC10168,41,3,3,0,0,0,3,50
SSC10169,1158,61,25,9,0,0,0,1253
SSC10170,41,4,6,0,0,0,0,51
SSC10171,49,3,0,0,0,0,3,55
SSC10172,20,0,0,0,0,0,0,20
SSC10173,49,8,0,0,0,0,0,57
SSC10174,22,0,3,0,0,0,0,25
SSC10175,22,3,0,3,0,0,0,28
SSC10176,64,0,3,0,0,0,0,67
SSC10177,50,3,3,3,0,0,0,59
SSC10178,376,29,13,3,0,0,0,421
SSC10179,14,0,0,0,0,3,0,17
SSC10180,1129,50,27,31,0,3,8,1248
SSC10181,3,0,0,0,0,0,0,3
SSC10182,270,30,21,3,0,0,3,327
SSC10183,15,4,0,0,0,0,0,19
SSC10184,727,64,54,9,0,5,8,867
SSC10185,881,88,64,6,3,0,9,1051
SSC10186,144,6,3,0,3,0,3,159
SSC10187,103,11,7,3,0,0,3,127
SSC10188,708,36,17,0,0,0,3,764
SSC10189,27,0,3,0,0,0,0,30
SSC10190,768,33,27,0,0,0,0,828
SSC10191,50,7,0,0,0,0,0,57
SSC10192,24,0,0,0,0,0,0,24
SSC10193,168,6,11,3,0,0,0,188
SSC10194,84,3,7,0,0,0,0,94
SSC10195,40,3,0,0,0,0,0,43
SSC10196,49,7,3,0,0,0,0,59
SSC10197,227,22,0,5,0,0,0,254
SSC10198,49,4,3,0,0,0,0,56
SSC10199,306,12,8,3,0,0,0,329
SSC10200,1245,48,24,20,0,0,0,1337
SSC10201,53,8,3,0,0,0,0,64
SSC10202,2426,133,56,23,3,3,3,2647
SSC10203,514,20,17,6,0,0,0,557
SSC10204,33,0,0,0,0,0,0,33
SSC10205,30,4,0,0,0,0,0,34
SSC10206,270,31,40,10,4,0,4,359
SSC10207,78,3,3,3,0,0,3,90
SSC10208,26,0,3,0,0,0,0,29
SSC10209,52,3,3,0,0,0,0,58
SSC10210,337,33,18,8,0,0,0,396
SSC10211,90,4,0,0,0,0,0,94
SSC10212,545,29,15,4,0,0,0,593
SSC10213,23,3,3,0,0,0,3,32
SSC10214,40,3,3,0,0,0,0,46
SSC10215,75,6,3,3,0,0,3,90
SSC10216,42,8,0,0,0,0,0,50
SSC10217,20,4,0,0,0,0,0,24
SSC10218,94,5,3,3,0,0,0,105
SSC10219,22,0,3,0,0,0,0,25
SSC10220,76,4,5,0,0,0,0,85
SSC10221,41,3,3,0,0,0,0,47
SSC10222,18,3,0,0,0,0,0,21
SSC10223,50,5,3,0,0,0,4,62
SSC10224,22,3,0,0,0,0,0,25
SSC10225,353,19,9,0,0,0,0,381
SSC10226,145,8,12,0,0,0,0,165
SSC10227,343,18,9,8,0,0,0,378
SSC10228,21,3,6,0,0,0,0,30
SSC10229,20,0,0,0,0,0,0,20
SSC10230,61,5,0,0,0,0,0,66
SSC10231,82,5,4,0,0,3,0,94
SSC10232,46,0,3,3,0,0,0,52
SSC10233,30,5,0,0,0,0,0,35
SSC10234,266,30,19,4,0,0,3,322
SSC10235,410,25,14,0,0,0,6,455
SSC10236,260,23,23,10,4,0,3,323
SSC10237,295,31,20,4,0,0,0,350
SSC10238,24,3,3,0,0,0,0,30
SSC10239,162,6,6,3,0,4,0,181
SSC10240,5208,301,174,92,9,4,19,5807
SSC10241,136,9,10,0,0,0,5,160
SSC10242,409,18,20,15,0,3,0,465
SSC10243,49,5,0,0,0,0,0,54
SSC10244,863,37,24,8,0,3,0,935
SSC10245,23,3,3,0,0,0,0,29
SSC10246,943,76,32,11,0,0,4,1066
SSC10247,71,4,4,0,0,0,0,79
SSC10248,345,22,12,8,0,0,3,390
SSC10249,782,78,66,3,3,0,4,936
SSC10250,50,0,5,0,0,0,0,55
SSC10251,55,13,4,3,0,0,0,75
SSC10252,620,85,69,9,0,3,10,796
SSC10253,12,0,0,0,0,0,0,12
SSC10254,3,0,0,0,0,0,0,3
SSC10255,199,13,9,0,0,0,0,221
SSC10256,547,55,37,7,0,3,3,652
SSC10257,96,6,10,0,0,0,0,112
SSC10258,54,4,3,0,0,0,0,61
SSC10259,41,4,0,0,0,0,0,45
SSC10260,24,0,3,0,0,0,3,30
SSC10261,298,33,18,4,0,0,4,357
SSC10262,83,7,13,6,3,0,4,116
SSC10263,99,13,13,0,0,0,3,128
SSC10264,162,25,13,8,0,0,0,208
SSC10265,140,16,3,3,0,0,0,162
SSC10266,354,20,15,4,0,0,0,393
SSC10267,510,45,41,4,0,0,8,608
SSC10268,105,7,11,0,0,0,0,123
SSC10269,29,3,0,0,0,0,0,32
SSC10270,0,0,0,0,0,0,4,4
SSC10271,42,3,0,0,0,0,0,45
SSC10272,4,0,0,0,0,0,0,4
SSC10273,29,3,0,0,0,0,0,32
SSC10274,38,3,3,0,0,0,0,44
SSC10275,641,37,11,8,0,0,3,700
SSC10276,637,51,10,0,0,0,3,701
SSC10277,597,42,8,3,0,0,0,650
SSC10278,252,32,26,3,0,0,4,317
SSC10279,324,17,5,0,0,0,0,346
SSC10280,298,22,14,3,0,0,3,340
SSC10281,955,54,23,19,4,0,8,1063
SSC10282,1096,49,18,31,0,0,4,1198
SSC10283,260,15,7,6,0,0,3,291
SSC10284,34,4,0,0,0,0,0,38
SSC10285,65,7,4,0,0,0,3,79
SSC10286,14,3,3,0,0,0,0,20
SSC10287,17,0,0,0,0,0,0,17
SSC10288,68,10,10,0,0,0,3,91
SSC10289,19,0,0,0,0,0,0,19
SSC10290,51,3,0,0,0,0,0,54
SSC10291,30,3,3,0,0,0,0,36
SSC10292,95,17,11,0,0,0,0,123
SSC10293,45,5,0,0,0,0,4,54
SSC10294,15,0,0,0,0,0,0,15
SSC10295,9,0,0,0,0,0,0,9
SSC10296,140,7,7,4,0,0,4,162
SSC10297,32,5,4,0,0,0,0,41
SSC10298,12,3,6,3,0,0,0,24
SSC10299,34,0,3,0,0,0,0,37
SSC10300,16,0,3,0,0,0,0,19
SSC10301,55,3,0,0,0,0,0,58
SSC10302,2090,75,42,27,3,0,6,2243
SSC10303,1091,67,41,16,0,0,3,1218
SSC10304,0,0,0,0,0,0,0,0
SSC10305,3,0,0,0,0,0,0,3
SSC10306,186,14,7,5,3,0,3,218
SSC10307,321,23,14,0,0,0,0,358
SSC10308,10,3,3,0,0,0,0,16
SSC10309,229,10,7,3,0,3,0,252
SSC10310,66,4,5,0,0,0,0,75
SSC10311,186,13,11,3,0,0,3,216
SSC10312,119,13,11,0,0,0,6,149
SSC10313,32,3,4,0,0,0,3,42
SSC10314,72,9,5,0,0,0,0,86
SSC10315,659,47,30,3,0,3,3,745
SSC10316,75,8,5,0,0,0,5,93
SSC10317,0,0,0,0,0,0,0,0
SSC10318,130,10,8,3,0,0,0,151
SSC10319,11,3,0,0,0,0,0,14
SSC10320,842,78,60,23,0,0,11,1014
SSC10321,34,4,3,0,0,0,0,41
SSC10322,128,9,9,0,0,0,3,149
SSC10323,98,7,3,0,0,0,0,108
SSC10324,226,19,17,0,0,0,0,262
SSC10325,26,0,3,4,0,0,0,33
SSC10326,66,7,6,0,0,0,0,79
SSC10327,30,0,0,0,0,0,0,30
SSC10328,19,6,0,0,0,0,3,28
SSC10329,309,22,3,0,0,0,3,337
SSC10330,10,3,0,0,0,0,0,13
SSC10331,61,6,0,0,0,0,0,67
SSC10332,83,8,0,4,0,0,6,101
SSC10333,25,0,0,0,0,0,0,25
SSC10334,34,0,4,0,0,0,0,38
SSC10335,55,6,4,0,0,0,0,65
SSC10336,47,3,0,0,0,0,0,50
SSC10337,746,48,25,9,0,0,5,833
SSC10338,66,10,4,0,0,0,0,80
SSC10339,308,19,12,6,0,0,0,345
SSC10340,25,4,0,0,0,0,0,29
SSC10341,126,5,10,0,0,0,0,141
SSC10342,40,5,3,0,0,0,0,48
SSC10343,21,3,0,0,0,0,0,24
SSC10344,57,3,3,0,0,0,3,66
SSC10345,27,0,3,0,0,0,0,30
SSC10346,43,3,5,0,0,0,3,54
SSC10347,64,6,4,3,0,0,0,77
SSC10348,25,0,0,0,0,0,0,25
SSC10349,1364,153,110,15,0,4,19,1665
SSC10350,769,46,9,3,0,0,0,827
SSC10351,33,3,0,0,0,0,0,36
SSC10352,26,4,0,0,0,0,0,30
SSC10353,33,3,0,0,0,0,0,36
SSC10354,76,13,0,0,0,0,0,89
SSC10355,234,21,7,3,0,0,0,265
SSC10356,12,4,0,0,0,0,0,16
SSC10357,36,5,0,3,0,0,0,44
SSC10358,122,9,8,0,0,0,0,139
SSC10359,39,3,0,0,0,0,0,42
SSC10360,40,3,3,0,0,0,0,46
SSC10361,20,3,0,0,0,0,0,23
SSC10362,38,3,3,0,0,0,0,44
SSC10363,103,13,4,0,0,0,0,120
SSC10364,23,3,0,3,0,0,0,29
SSC10365,62,6,4,0,0,0,0,72
SSC10366,43,5,4,0,0,0,0,52
SSC10367,35,0,0,0,0,0,0,35
SSC10368,239,40,10,4,0,0,11,304
SSC10369,0,0,0,0,0,0,0,0
SSC10370,277,22,22,6,0,0,5,332
SSC10371,25,0,0,0,0,0,0,25
SSC10372,38,4,3,3,0,0,0,48
SSC10373,139,9,5,0,0,0,3,156
SSC10374,38,3,6,0,0,0,0,47
SSC10375,127,12,7,0,0,0,3,149
SSC10376,697,48,22,4,0,0,3,774
SSC10377,22,0,0,0,0,0,0,22
SSC10378,32,4,0,0,0,0,0,36
SSC10379,11,0,0,0,0,0,0,11
SSC10380,172,21,10,0,0,0,0,203
SSC10381,81,13,4,0,0,0,0,98
SSC10382,222,20,5,0,0,0,0,247
SSC10383,17,3,0,0,0,0,3,23
SSC10384,13,0,3,0,0,0,3,19
SSC10385,472,45,21,3,0,0,0,541
SSC10386,22,4,0,0,0,0,0,26
SSC10387,36,4,3,0,0,0,0,43
SSC10388,26,0,3,0,0,0,0,29
SSC10389,20,0,0,0,0,0,0,20
SSC10390,17,3,0,3,0,0,0,23
SSC10391,37,3,0,0,0,0,0,40
SSC10392,5,3,0,3,0,0,0,11
SSC10393,116,10,8,3,0,0,0,137
SSC10394,86,6,4,0,0,0,0,96
SSC10395,51,0,0,0,0,0,0,51
SSC10396,225,12,6,6,0,0,4,253
SSC10397,19,5,4,0,0,0,0,28
SSC10398,0,0,0,0,0,0,0,0
SSC10399,519,18,16,0,0,0,0,553
SSC10400,29,5,0,0,0,0,0,34
SSC10401,22,3,0,0,0,0,0,25
SSC10402,19,0,3,0,0,0,0,22
SSC10403,31,3,0,0,0,0,0,34
SSC10404,94,7,8,0,0,0,4,113
SSC10405,91,3,4,3,0,0,0,101
SSC10406,45,0,0,0,0,0,3,48
SSC10407,43,7,0,0,0,0,0,50
SSC10408,14,3,0,3,0,0,0,20
SSC10409,1184,63,28,19,3,3,4,1304
SSC10410,106,3,0,0,0,0,0,109
SSC10411,415,37,18,9,0,0,5,484
SSC10412,105,13,5,0,0,0,0,123
SSC10413,271,13,20,5,0,0,3,312
SSC10414,42,0,3,0,0,0,0,45
SSC10415,27,3,3,0,0,0,0,33
SSC10416,285,27,17,0,0,0,4,333
SSC10417,21,3,3,0,0,0,0,27
SSC10418,146,14,7,0,0,0,0,167
SSC10419,237,15,3,3,0,0,0,258
SSC10420,0,0,0,0,0,0,0,0
SSC10421,2094,175,84,68,4,7,7,2439
SSC10422,733,35,31,28,0,0,4,831
SSC10423,45,4,0,0,0,0,0,49
SSC10424,16,3,3,0,0,0,0,22
SSC10425,344,33,20,3,0,0,0,400
SSC10426,33,0,0,0,0,0,0,33
SSC10427,22,0,0,0,0,0,0,22
SSC10428,27,0,0,0,0,0,0,27
SSC10429,0,0,0,0,0,0,0,0
SSC10430,196,16,10,3,0,0,0,225
SSC10431,43,5,8,0,0,0,0,56
SSC10432,42,5,3,0,0,0,3,53
SSC10433,16,3,3,0,0,0,0,22
SSC10434,24,0,0,0,0,0,0,24
SSC10435,171,13,16,0,0,0,0,200
SSC10436,254,26,13,0,0,0,0,293
SSC10437,634,61,48,11,0,0,7,761
SSC10438,288,24,22,0,0,0,4,338
SSC10439,13,0,0,0,0,0,0,13
SSC10440,298,27,16,0,0,0,0,341
SSC10441,524,50,32,7,0,0,3,616
SSC10442,727,56,43,7,0,0,4,837
SSC10443,598,53,11,4,0,0,0,666
SSC10444,870,83,60,17,0,3,10,1043
SSC10445,333,22,7,3,0,0,0,365
SSC10446,2446,172,47,38,5,0,9,2717
SSC10447,168,10,0,0,0,0,0,178
SSC10448,67,7,4,3,0,0,0,81
SSC10449,17,0,0,3,0,0,3,23
SSC10450,69,6,5,0,0,0,3,83
SSC10451,1181,77,50,49,0,3,10,1370
SSC10452,996,87,33,26,0,0,12,1154
SSC10453,68,0,3,0,0,0,0,71
SSC10454,34,0,4,0,0,0,0,38
SSC10455,212,14,7,3,0,0,0,236
SSC10456,714,42,26,8,0,0,0,790
SSC10457,38,6,4,0,0,0,0,48
SSC10458,22,0,3,0,0,0,0,25
SSC10459,27,0,3,0,0,3,0,33
SSC10460,63,11,7,0,0,0,0,81
SSC10461,18,3,0,0,0,0,0,21
SSC10462,70,3,10,0,0,0,0,83
SSC10463,542,50,36,7,0,0,6,641
SSC10464,132,11,0,3,0,0,0,146
SSC10465,322,25,18,7,0,0,4,376
SSC10466,55,8,4,0,0,0,0,67
SSC10467,57,7,3,0,0,0,0,67
SSC10468,17,0,3,0,0,0,0,20
SSC10469,1050,81,30,7,0,0,7,1175
SSC10470,1667,100,49,6,0,0,0,1822
SSC10471,3116,144,58,46,0,0,9,3373
SSC10472,1233,49,18,12,0,0,0,1312
SSC10473,43,0,4,0,0,0,0,47
SSC10474,3,0,0,0,0,0,0,3
SSC10475,344,21,9,7,0,0,0,381
SSC10476,34,3,0,0,0,0,0,37
SSC10477,117,15,3,0,0,0,0,135
SSC10478,18,0,0,0,0,0,0,18
SSC10479,49,0,3,0,0,0,0,52
SSC10480,186,0,6,0,0,0,0,192
SSC10481,184,7,10,8,3,0,6,218
SSC10482,18,0,0,0,0,0,0,18
SSC10483,173,10,14,3,0,0,0,200
SSC10484,794,69,77,9,0,3,13,965
SSC10485,27,0,3,3,0,0,0,33
SSC10486,370,27,4,4,0,0,0,405
SSC10487,58,0,0,4,0,0,0,62
SSC10488,5539,259,128,43,0,0,12,5981
SSC10489,31,5,4,0,0,0,0,40
SSC10490,458,25,8,3,0,0,3,497
SSC10491,131,3,6,3,0,3,3,149
SSC10492,209,11,3,0,0,0,0,223
SSC10493,1971,106,62,23,3,0,3,2168
SSC10494,161,19,14,3,0,0,3,200
SSC10495,212,4,7,3,0,3,0,229
SSC10496,50,3,0,0,0,0,0,53
SSC10497,96,5,0,0,0,0,0,101
SSC10498,444,46,19,3,0,0,5,517
SSC10499,52,5,4,0,0,0,0,61
SSC10500,23,0,0,0,3,0,0,26
SSC10501,1150,48,26,16,4,0,0,1244
SSC10502,209,5,4,0,0,0,5,223
SSC10503,30,0,0,3,0,0,0,33
SSC10504,118,9,0,0,0,0,0,127
SSC10505,34,3,0,0,0,0,0,37
SSC10506,29,6,3,0,0,0,0,38
SSC10507,1028,124,102,20,0,3,15,1292
SSC10508,163,16,12,3,0,0,0,194
SSC10509,19,0,3,0,0,0,3,25
SSC10510,0,0,0,0,0,0,0,0
SSC10511,1273,100,53,10,3,3,9,1451
SSC10512,181,23,19,3,3,0,3,232
SSC10513,2387,99,30,32,0,0,4,2552
SSC10514,207,4,7,3,0,0,0,221
SSC10515,22,0,0,4,0,0,0,26
SSC10516,301,20,10,3,0,0,0,334
SSC10517,3082,131,44,31,0,0,7,3295
SSC10518,1394,81,52,20,0,0,4,1551
SSC10519,407,24,17,0,0,0,0,448
SSC10520,21,0,3,0,0,0,0,24
SSC10521,27,0,0,0,0,0,3,30
SSC10522,66,11,10,0,0,0,0,87
SSC10523,88,7,0,0,0,0,0,95
SSC10524,1154,93,40,20,0,0,3,1310
SSC10525,20,6,0,0,0,0,0,26
SSC10526,213,17,5,0,0,0,0,235
SSC10527,195,26,8,3,0,0,7,239
SSC10528,102,11,7,0,0,0,0,120
SSC10529,147,6,6,0,0,0,0,159
SSC10530,15,4,3,0,0,0,0,22
SSC10531,600,41,23,11,0,4,0,679
SSC10532,25,3,0,0,0,0,0,28
SSC10533,194,9,17,3,0,0,0,223
SSC10534,16,0,0,0,0,0,0,16
SSC10535,72,3,6,0,0,0,0,81
SSC10536,167,26,22,17,3,3,3,241
SSC10537,230,7,4,0,0,0,0,241
SSC10538,21,3,0,0,0,0,3,27
SSC10539,110,7,5,0,0,0,0,122
SSC10540,272,7,12,0,0,0,0,291
SSC10541,39,3,3,0,0,0,0,45
SSC10542,551,23,11,6,0,0,4,595
SSC10543,103,14,6,0,0,0,0,123
SSC10544,40,3,8,0,0,0,3,54
SSC10545,0,0,0,0,0,0,0,0
SSC10546,192,13,6,0,0,0,0,211
SSC10547,23,0,0,0,0,0,0,23
SSC10548,27,3,5,3,0,0,0,38
SSC10549,324,32,39,3,0,0,3,401
SSC10550,53,3,6,0,0,0,0,62
SSC10551,135,8,7,0,0,0,0,150
SSC10552,25,0,0,0,0,0,0,25
SSC10553,1788,197,119,15,0,6,17,2142
SSC10554,143,4,8,5,0,0,0,160
SSC10555,0,0,0,0,0,0,0,0
SSC10556,144,11,3,0,0,0,0,158
SSC10557,62,3,3,4,0,0,0,72
SSC10558,1840,125,46,16,0,3,3,2033
SSC10559,49,0,0,0,0,0,0,49
SSC10560,30,0,0,0,0,0,0,30
SSC10561,15,0,0,0,0,0,0,15
SSC10562,14,0,3,0,0,0,0,17
SSC10563,51,6,3,0,0,0,0,60
SSC10564,36,3,0,0,0,0,0,39
SSC10565,214,13,13,3,0,3,0,246
SSC10566,0,0,0,0,0,0,0,0
SSC10567,873,84,54,19,0,7,8,1045
SSC10568,5,3,0,0,0,0,0,8
SSC10569,34,4,0,0,0,0,0,38
SSC10570,14,0,0,0,0,0,0,14
SSC10571,605,17,12,0,0,0,0,634
SSC10572,5,0,0,0,0,0,0,5
SSC10573,26,0,0,0,0,0,0,26
SSC10574,1942,85,36,26,0,0,4,2093
SSC10575,825,39,15,8,0,4,0,891
SSC10576,1345,55,41,17,0,0,9,1467
SSC10577,356,18,10,4,0,0,13,401
SSC10578,25,0,7,3,0,0,0,35
SSC10579,51,7,0,3,0,0,0,61
SSC10580,40,7,0,0,0,0,0,47
SSC10581,21,5,0,0,0,0,0,26
SSC10582,22,0,3,0,0,0,0,25
SSC10583,204,9,9,4,3,0,0,229
SSC10584,29,0,0,0,0,0,4,33
SSC10585,394,21,10,3,0,0,0,428
SSC10586,519,30,10,3,0,3,0,565
SSC10587,1151,50,17,5,0,0,0,1223
SSC10588,18,3,0,0,0,0,0,21
SSC10589,23,0,3,0,0,0,0,26
SSC10590,46,3,0,3,0,0,0,52
SSC10591,226,15,6,0,5,0,0,252
SSC10592,49,3,0,0,0,0,0,52
SSC10593,42,3,0,0,0,0,0,45
SSC10594,22,0,0,0,0,0,0,22
SSC10595,122,8,6,3,0,0,3,142
SSC10596,210,21,10,0,0,0,0,241
SSC10597,37,0,0,0,0,0,0,37
SSC10598,29,9,0,0,0,0,0,38
SSC10599,538,49,37,5,5,0,5,639
SSC10600,19,3,0,0,0,0,0,22
SSC10601,15,0,0,0,0,0,0,15
SSC10602,86,3,8,3,0,0,4,104
SSC10603,232,18,15,0,0,0,7,272
SSC10604,226,7,6,9,0,0,10,258
SSC10605,43,5,5,0,0,0,0,53
SSC10606,41,5,4,0,0,0,0,50
SSC10607,31,7,0,0,0,0,0,38
SSC10608,37,5,3,0,0,0,0,45
SSC10609,40,8,0,0,0,0,0,48
SSC10610,468,38,28,6,0,0,4,544
SSC10611,538,54,25,6,3,0,4,630
SSC10612,45,4,0,0,0,0,4,53
SSC10613,328,27,19,0,0,0,3,377
SSC10614,29,0,5,0,0,0,0,34
SSC10615,112,17,16,0,0,0,3,148
SSC10616,8,0,0,0,0,0,0,8
SSC10617,79,15,4,0,0,0,0,98
SSC10618,33,3,0,3,0,0,0,39
SSC10619,781,30,21,7,0,0,5,844
SSC10620,39,4,4,0,0,0,0,47
SSC10621,154,8,10,0,0,0,0,172
SSC10622,453,37,25,3,0,0,3,521
SSC10623,50,0,0,0,0,0,0,50
SSC10624,451,35,36,3,0,0,3,528
SSC10625,636,48,31,3,0,3,3,724
SSC10626,5,4,0,0,0,0,0,9
SSC10627,24,4,0,0,0,0,0,28
SSC10628,22,6,0,0,0,0,0,28
SSC10629,99,8,11,3,0,0,0,121
SSC10630,76,3,5,0,0,0,0,84
SSC10631,822,80,57,3,0,3,3,968
SSC10632,13,3,0,0,0,0,0,16
SSC10633,27,0,0,0,0,0,0,27
SSC10634,1800,171,102,36,4,0,16,2129
SSC10635,0,0,0,0,0,0,0,0
SSC10636,18,0,3,0,0,0,0,21
SSC10637,934,70,15,0,0,0,0,1019
SSC10638,171,8,3,3,0,0,3,188
SSC10639,142,6,4,0,0,0,5,157
SSC10640,353,40,25,3,3,3,3,430
SSC10641,210,12,13,4,0,0,5,244
SSC10642,988,62,37,7,4,0,0,1098
SSC10643,1296,106,39,3,0,3,3,1450
SSC10644,213,15,10,3,0,3,3,247
SSC10645,42,3,6,0,0,0,3,54
SSC10646,66,5,3,0,0,0,0,74
SSC10647,0,0,0,0,0,0,0,0
SSC10648,8,0,0,0,0,0,3,11
SSC10649,305,15,4,3,0,0,3,330
SSC10650,1296,60,31,11,4,0,3,1405
SSC10651,1377,67,28,15,0,0,0,1487
SSC10652,42,3,3,3,0,0,3,54
SSC10653,76,4,3,0,0,0,0,83
SSC10654,89,6,10,0,0,0,4,109
SSC10655,40,6,7,0,0,0,0,53
SSC10656,20,3,0,0,0,0,0,23
SSC10657,188,14,7,7,0,0,3,219
SSC10658,115,8,8,0,0,0,5,136
SSC10659,15,0,0,0,0,0,0,15
SSC10660,157,16,13,3,0,0,0,189
SSC10661,15,5,0,0,0,0,0,20
SSC10662,23,5,0,0,0,0,0,28
SSC10663,20,5,0,0,0,0,0,25
SSC10664,57,8,6,0,0,0,0,71
SSC10665,191,14,15,5,0,0,3,228
SSC10666,11,3,0,0,0,0,0,14
SSC10667,321,22,12,0,3,0,0,358
SSC10668,97,12,0,3,0,0,5,117
SSC10669,40,3,3,0,0,0,0,46
SSC10670,25,3,4,0,0,0,0,32
SSC10671,24,4,0,0,0,0,0,28
SSC10672,631,60,49,11,0,4,0,755
SSC10673,40,3,3,0,0,0,0,46
SSC10674,24,5,0,0,0,0,0,29
SSC10675,59,4,0,0,0,0,0,63
SSC10676,38,8,0,0,0,0,0,46
SSC10677,20,3,0,0,0,0,0,23
SSC10678,106,16,9,3,0,0,0,134
SSC10679,13,0,0,0,0,0,0,13
SSC10680,26,3,0,3,0,0,0,32
SSC10681,8,0,3,3,0,0,0,14
SSC10682,22,4,0,0,0,0,0,26
SSC10683,1043,137,66,11,0,4,10,1271
SSC10684,37,4,3,0,0,0,0,44
SSC10685,29,0,0,0,0,0,0,29
SSC10686,31,3,3,3,0,0,3,43
SSC10687,9,0,0,0,0,0,0,9
SSC10688,14,3,0,0,0,0,0,17
SSC10689,13,3,0,0,0,0,0,16
SSC10690,236,20,0,0,0,0,0,256
SSC10691,256,12,10,3,0,0,0,281
SSC10692,49,6,3,0,0,0,3,61
SSC10693,80,8,3,0,0,3,0,94
SSC10694,96,12,11,0,0,0,0,119
SSC10695,121,4,3,0,0,0,0,128
SSC10696,362,17,14,0,0,0,0,393
SSC10697,206,28,21,3,3,0,0,261
SSC10698,29,6,0,0,0,0,0,35
SSC10699,405,28,19,8,0,4,0,464
SSC10700,1886,154,49,14,3,0,7,2113
SSC10701,18,4,3,0,0,0,0,25
SSC10702,25,0,3,0,0,0,0,28
SSC10703,35,4,0,0,0,0,0,39
SSC10704,52,8,3,0,0,0,0,63
SSC10705,51,5,7,0,0,0,0,63
SSC10706,176,8,5,4,0,0,0,193
SSC10707,21,4,3,0,0,0,3,31
SSC10708,619,54,35,7,0,3,3,721
SSC10709,556,21,14,7,0,0,0,598
SSC10710,336,5,8,0,0,0,3,352
SSC10711,148,5,0,0,0,0,0,153
SSC10712,174,14,13,3,0,0,0,204
SSC10713,27,5,0,3,0,3,0,38
SSC10714,282,29,21,14,0,0,0,346
SSC10715,79,7,9,0,0,0,0,95
SSC10716,11,3,0,3,0,0,0,17
SSC10717,77,7,3,0,0,0,0,87
SSC10718,166,14,3,0,0,0,0,183
SSC10719,14,0,0,0,0,0,0,14
SSC10720,53,3,3,0,0,0,0,59
SSC10721,11,0,0,0,0,0,3,14
SSC10722,1423,101,82,36,4,3,18,1667
SSC10723,36,3,5,0,0,3,3,50
SSC10724,139,18,15,0,0,0,0,172
SSC10725,112,12,11,0,0,0,0,135
SSC10726,306,26,7,0,0,0,0,339
SSC10727,28,5,3,0,0,0,0,36
SSC10728,169,13,9,3,0,0,0,194
SSC10729,568,25,14,0,0,0,0,607
SSC10730,55,0,6,0,0,0,0,61
SSC10731,32,3,5,0,0,0,0,40
SSC10732,7,0,0,0,0,0,0,7
SSC10733,15,3,3,0,0,0,0,21
SSC10734,1120,59,25,5,0,0,3,1212
SSC10735,2868,249,196,47,5,4,35,3404
SSC10736,40,8,0,0,0,0,0,48
SSC10737,22,4,0,0,0,0,3,29
SSC10738,262,15,9,3,0,0,0,289
SSC10739,68,7,3,0,0,0,0,78
SSC10740,33,0,3,3,0,0,0,39
SSC10741,1253,64,31,14,3,0,4,1369
SSC10742,9,0,0,0,0,0,0,9
SSC10743,30,0,0,3,0,0,0,33
SSC10744,58,12,3,0,0,0,3,76
SSC10745,480,31,21,3,0,3,0,538
SSC10746,602,22,10,4,0,0,3,641
SSC10747,22,0,0,0,0,0,0,22
SSC10748,13,0,0,0,0,0,0,13
SSC10749,100,6,3,0,4,0,0,113
SSC10750,23,0,5,0,0,0,0,28
SSC10751,187,14,12,0,0,0,4,217
SSC10752,53,11,3,0,0,0,5,72
SSC10753,30,0,3,0,0,0,0,33
SSC10754,90,6,6,0,0,0,0,102
SSC10755,60,3,3,0,0,0,0,66
SSC10756,997,63,36,14,0,0,4,1114
SSC10757,28,3,0,3,0,0,0,34
SSC10758,67,0,3,0,0,0,0,70
SSC10759,24,0,0,0,0,0,0,24
SSC10760,27,3,3,0,0,0,0,33
SSC10761,714,49,43,14,0,0,7,827
SSC10762,18,0,3,3,0,0,0,24
SSC10763,2321,94,55,21,0,0,3,2494
SSC10764,596,49,25,0,0,0,7,677
SSC10765,436,46,18,4,0,0,0,504
SSC10766,194,13,7,0,0,0,4,218
SSC10767,213,12,19,0,0,0,5,249
SSC10768,42,0,4,0,0,0,0,46
SSC10769,301,17,15,0,0,0,0,333
SSC10770,288,35,16,3,0,0,0,342
SSC10771,28,4,4,0,0,0,0,36
SSC10772,388,29,9,4,0,0,0,430
SSC10773,56,0,4,0,0,0,0,60
SSC10774,98,5,6,3,3,0,0,115
SSC10775,454,14,4,11,0,0,0,483
SSC10776,297,17,21,3,0,4,0,342
SSC10777,567,23,9,7,0,0,3,609
SSC10778,412,42,18,4,0,0,4,480
SSC10779,996,114,70,3,3,3,9,1198
SSC10780,330,17,7,0,0,0,0,354
SSC10781,47,3,0,0,3,0,0,53
SSC10782,466,34,21,0,4,3,0,528
SSC10783,15,5,0,0,0,0,0,20
SSC10784,78,6,7,3,0,0,3,97
SSC10785,110,6,0,0,0,0,0,116
SSC10786,793,35,21,8,0,0,0,857
SSC10787,2058,92,22,29,3,3,7,2214
SSC10788,38,3,3,3,0,0,0,47
SSC10789,129,6,6,0,0,0,0,141
SSC10790,32,4,0,0,0,0,0,36
SSC10791,209,25,6,0,0,0,7,247
SSC10792,53,5,4,0,0,0,0,62
SSC10793,1440,54,24,11,0,3,8,1540
SSC10794,95,11,5,0,0,0,0,111
SSC10795,586,58,53,9,0,3,7,716
SSC10796,21,3,3,0,0,0,0,27
SSC10797,56,3,0,0,0,0,0,59
SSC10798,260,15,9,3,0,3,4,294
SSC10799,30,0,0,0,0,0,0,30
SSC10800,575,26,16,8,0,0,3,628
SSC10801,521,45,36,0,0,0,4,606
SSC10802,728,55,22,9,0,0,3,817
SSC10803,569,47,26,11,0,8,3,664
SSC10804,131,5,0,0,0,0,4,140
SSC10805,18,5,0,0,0,0,0,23
SSC10806,0,0,0,0,0,0,0,0
SSC10807,81,12,10,0,0,0,0,103
SSC10808,63,0,5,0,0,0,0,68
SSC10809,22,3,0,3,0,0,0,28
SSC10810,28,0,0,0,0,0,0,28
SSC10811,29,0,3,0,0,0,0,32
SSC10812,111,0,4,0,0,0,0,115
SSC10813,32,0,3,4,0,0,3,42
SSC10814,54,4,5,0,0,0,4,67
SSC10815,49,5,0,0,0,0,0,54
SSC10816,224,29,14,0,0,0,0,267
SSC10817,28,0,4,0,0,0,0,32
SSC10818,182,13,19,9,0,0,3,226
SSC10819,52,9,0,0,0,0,0,61
SSC10820,266,16,14,3,0,3,0,302
SSC10821,43,0,0,0,0,0,0,43
SSC10822,444,28,23,12,0,0,6,513
SSC10823,871,76,58,10,3,3,3,1024
SSC10824,335,21,6,4,0,0,0,366
SSC10825,2316,149,98,15,0,0,4,2582
SSC10826,31,3,0,0,0,0,0,34
SSC10827,231,24,4,0,0,0,6,265
SSC10828,25,0,0,0,0,0,0,25
SSC10829,2912,110,30,30,0,0,3,3085
SSC10830,27,0,4,0,0,0,0,31
SSC10831,369,48,14,3,3,0,0,437
SSC10832,59,0,6,0,0,0,0,65
SSC10833,1195,56,29,13,0,3,0,1296
SSC10834,53,3,0,0,0,0,4,60
SSC10835,997,66,58,8,3,0,3,1135
SSC10836,439,45,8,4,0,0,0,496
SSC10837,51,3,0,0,0,0,0,54
SSC10838,328,32,16,3,3,0,0,382
SSC10839,202,9,12,0,0,0,0,223
SSC10840,259,23,24,4,3,0,3,316
SSC10841,25,0,0,0,0,0,0,25
SSC10842,32,3,3,0,0,0,0,38
SSC10843,82,9,4,0,0,0,0,95
SSC10844,19,3,0,0,0,0,0,22
SSC10845,121,0,3,0,0,0,0,124
SSC10846,36,3,3,0,0,0,3,45
SSC10847,39,7,3,0,0,0,0,49
SSC10848,24,3,3,0,0,0,0,30
SSC10849,22,4,0,0,0,0,0,26
SSC10850,27,0,3,0,0,0,0,30
SSC10851,21,3,0,3,0,0,0,27
SSC10852,45,0,0,0,0,0,0,45
SSC10853,91,6,4,0,0,0,0,101
SSC10854,181,19,11,0,0,0,4,215
SSC10855,28,3,0,4,0,0,0,35
SSC10856,24,3,3,0,0,0,0,30
SSC10857,26,7,0,0,0,0,0,33
SSC10858,13,3,3,0,0,0,0,19
SSC10859,75,4,3,0,0,0,3,85
SSC10860,79,8,3,0,0,0,0,90
SSC10861,48,3,0,3,0,0,0,54
SSC10862,2053,110,48,31,0,6,9,2257
SSC10863,568,34,7,14,3,3,3,632
SSC10864,779,42,22,19,0,3,3,868
SSC10865,1334,78,52,40,0,0,3,1507
SSC10866,580,29,15,3,0,0,0,627
SSC10867,39,0,0,0,0,0,0,39
SSC10868,607,34,30,3,0,0,3,677
SSC10869,118,9,4,0,0,0,3,134
SSC10870,29,3,0,0,0,0,3,35
SSC10871,30,8,0,0,0,0,0,38
SSC10872,584,30,28,3,0,0,0,645
SSC10873,59,6,4,0,0,0,0,69
SSC10874,491,45,25,3,0,0,3,567
SSC10875,27,0,3,0,0,0,0,30
SSC10876,48,0,4,0,0,0,0,52
SSC10877,82,11,3,0,0,0,3,99
SSC10878,124,8,14,3,0,0,0,149
SSC10879,119,11,3,0,0,3,0,136
SSC10880,0,0,0,0,0,0,0,0
SSC10881,91,3,3,0,0,0,0,97
SSC10882,34,3,3,0,0,0,0,40
SSC10883,42,5,0,0,0,0,0,47
SSC10884,26,3,0,0,0,0,0,29
SSC10885,3,0,0,0,0,0,0,3
SSC10886,35,0,4,0,0,0,0,39
SSC10887,36,0,5,0,0,0,0,41
SSC10888,1337,82,48,10,0,0,4,1481
SSC10889,81,9,3,0,0,0,0,93
SSC10890,54,3,3,0,0,0,0,60
SSC10891,186,16,7,0,0,3,3,215
SSC10892,32,5,3,0,0,0,0,40
SSC10893,0,0,0,0,0,0,0,0
SSC10894,26,3,3,0,0,0,0,32
SSC10895,23,0,7,0,0,0,0,30
SSC10896,105,9,4,0,0,0,3,121
SSC10897,19,0,0,0,0,0,0,19
SSC10898,1063,52,19,7,0,0,3,1144
SSC10899,431,36,20,0,0,0,0,487
SSC10900,716,52,28,3,0,0,8,807
SSC10901,214,12,10,5,0,0,0,241
SSC10902,582,51,39,6,0,3,10,691
SSC10903,186,23,18,4,0,0,3,234
SSC10904,199,13,3,0,3,0,0,218
SSC10905,57,9,0,0,0,0,0,66
SSC10906,1109,45,22,3,0,3,0,1182
SSC10907,293,25,13,0,0,0,4,335
SSC10908,830,80,47,9,0,4,10,980
SSC10909,23,0,0,0,0,0,0,23
SSC10910,21,0,4,0,0,0,0,25
SSC10911,86,7,3,0,0,0,0,96
SSC10912,23,0,0,0,0,0,0,23
SSC10913,33,3,0,3,0,0,0,39
SSC10914,104,8,8,0,0,0,3,123
SSC10915,0,0,0,0,0,0,0,0
SSC10916,264,16,14,6,0,0,0,300
SSC10917,2050,103,41,19,0,3,3,2219
SSC10918,943,50,21,8,0,0,0,1022
SSC10919,28,4,4,0,0,0,0,36
SSC10920,20,3,3,3,0,0,0,29
SSC10921,30,3,4,0,0,0,0,37
SSC10922,390,18,15,3,0,0,0,426
SSC10923,29,5,3,0,0,0,0,37
SSC10924,43,6,5,0,0,0,4,58
SSC10925,58,3,4,0,0,0,0,65
SSC10926,241,17,9,0,0,0,3,270
SSC10927,23,0,0,0,0,0,0,23
SSC10928,278,36,30,9,0,0,8,361
SSC10929,45,4,3,0,0,0,0,52
SSC10930,1145,31,25,12,3,0,0,1216
SSC10931,43,6,0,3,0,0,0,52
SSC10932,178,18,15,3,0,0,0,214
SSC10933,27,4,3,0,0,0,0,34
SSC10934,57,6,0,0,0,0,0,63
SSC10935,382,26,17,9,0,0,3,437
SSC10936,62,0,7,0,0,0,0,69
SSC10937,97,4,6,0,0,0,4,111
SSC10938,20,0,0,0,0,0,0,20
SSC10939,15,0,0,0,0,0,0,15
SSC10940,68,4,5,0,0,0,3,80
SSC10941,232,26,19,4,0,0,9,290
SSC10942,16,3,0,0,0,0,0,19
SSC10943,46,5,0,0,0,0,0,51
SSC10944,131,16,13,0,0,0,0,160
SSC10945,30,4,0,0,0,0,0,34
SSC10946,21,0,0,0,4,0,0,25
SSC10947,79,19,9,0,0,0,0,107
SSC10948,21,0,0,0,0,0,0,21
SSC10949,20,0,0,0,0,0,0,20
SSC10950,674,24,18,4,0,3,3,726
SSC10951,1296,74,24,6,0,0,3,1403
SSC10952,35,3,3,0,0,0,0,41
SSC10953,551,50,12,6,0,0,3,622
SSC10954,674,41,22,8,3,3,0,751
SSC10955,27,0,0,0,0,0,0,27
SSC10956,427,46,33,5,0,0,6,517
SSC10957,42,3,3,0,3,0,0,51
SSC10958,21,3,0,0,0,0,0,24
SSC10959,693,37,22,3,0,0,4,759
SSC10960,39,5,0,0,0,0,0,44
SSC10961,328,26,26,3,0,3,0,386
SSC10962,780,32,33,3,0,0,7,855
SSC10963,37,4,4,0,0,0,0,45
SSC10964,928,58,23,11,0,0,0,1020
SSC10965,610,49,32,0,0,0,4,695
SSC10966,889,66,23,10,0,0,0,988
SSC10967,41,0,5,0,0,0,0,46
SSC10968,2964,243,162,31,3,6,7,3416
SSC10969,273,19,8,0,0,0,0,300
SSC10970,451,38,19,9,0,0,0,517
SSC10971,35,0,0,0,0,0,0,35
SSC10972,78,9,5,5,0,0,0,97
SSC10973,30,8,0,0,0,0,0,38
SSC10974,46,0,0,0,0,0,3,49
SSC10975,340,27,9,0,0,0,0,376
SSC10976,16,0,4,0,0,0,0,20
SSC10977,24,6,0,0,0,0,3,33
SSC10978,20,6,0,3,0,0,0,29
SSC10979,2494,125,81,43,0,4,4,2751
SSC10980,381,28,15,0,0,0,5,429
SSC10981,223,7,16,0,0,0,3,249
SSC10982,24,0,0,0,0,0,0,24
SSC10983,36,3,4,0,0,0,0,43
SSC10984,15,3,0,0,0,0,0,18
SSC10985,17,0,0,0,0,0,0,17
SSC10986,188,7,10,4,0,0,5,214
SSC10987,19,0,3,3,0,0,0,25
SSC10988,0,0,0,0,0,0,0,0
SSC10989,25,3,0,0,0,0,0,28
SSC10990,20,0,3,3,0,0,3,29
SSC10991,159,10,4,4,0,0,4,181
SSC10992,22,3,3,0,0,0,0,28
SSC10993,28,0,3,0,3,3,0,37
SSC10994,24,3,3,0,0,0,0,30
SSC10995,1035,104,92,16,0,3,8,1258
SSC10996,42,3,6,0,0,0,0,51
SSC10997,33,0,0,7,0,0,0,40
SSC10998,916,34,13,12,0,0,0,975
SSC10999,51,5,4,0,0,0,0,60
SSC11000,553,89,52,11,0,3,5,713
SSC11001,133,18,5,3,0,0,3,162
SSC11002,1751,230,150,17,0,3,22,2173
SSC11003,58,3,3,0,0,0,0,64
SSC11004,768,74,69,7,0,4,9,931
SSC11005,24,0,3,0,0,0,0,27
SSC11006,16,3,3,3,0,3,0,28
SSC11007,0,0,0,0,0,0,0,0
SSC11008,1536,70,27,31,3,0,5,1672
SSC11009,172,11,3,3,3,0,0,192
SSC11010,38,0,0,0,0,0,0,38
SSC11011,34,3,0,0,0,0,3,40
SSC11012,29,3,0,0,0,0,0,32
SSC11013,424,31,12,3,0,0,0,470
SSC11014,22,3,0,0,0,0,0,25
SSC11015,22,4,4,0,0,0,0,30
SSC11016,671,65,40,4,3,0,0,783
SSC11017,59,10,3,0,0,0,0,72
SSC11018,1813,74,55,31,4,4,3,1984
SSC11019,3012,119,85,37,3,0,9,3265
SSC11020,41,3,0,0,0,0,0,44
SSC11021,29,4,0,0,0,0,4,37
SSC11022,720,31,12,9,0,0,3,775
SSC11023,34,3,0,3,0,0,0,40
SSC11024,106,4,0,0,0,0,0,110
SSC11025,44,3,3,0,0,0,3,53
SSC11026,75,11,3,3,0,0,0,92
SSC11027,572,33,9,10,0,0,0,624
SSC11028,0,0,0,0,0,0,0,0
SSC11029,27,3,4,0,0,0,0,34
SSC11030,219,9,18,4,0,0,4,254
SSC11031,31,3,0,0,0,0,0,34
SSC11032,271,25,18,3,0,0,3,320
SSC11033,2879,163,68,32,0,0,13,3155
SSC11034,1726,110,69,20,4,0,15,1944
SSC11035,41,3,5,0,0,0,0,49
SSC11036,152,14,5,0,0,0,0,171
SSC11037,95,6,0,0,0,0,0,101
SSC11038,2280,105,72,41,3,0,12,2513
SSC11039,545,34,19,11,0,0,0,609
SSC11040,43,4,0,0,0,0,0,47
SSC11041,222,19,23,0,0,0,3,267
SSC11042,164,13,14,0,0,3,0,194
SSC11043,32,0,3,0,0,0,0,35
SSC11044,15,3,3,3,0,0,0,24
SSC11045,40,4,3,0,0,0,0,47
SSC11046,130,17,5,0,0,0,0,152
SSC11047,135,11,15,0,0,0,0,161
SSC11048,33,5,0,0,0,0,0,38
SSC11049,21,0,4,0,0,0,0,25
SSC11050,826,75,57,7,3,0,13,981
SSC11051,43,4,4,0,0,0,0,51
SSC11052,19,4,0,0,0,0,0,23
SSC11053,163,10,14,4,0,0,0,191
SSC11054,30,0,4,0,0,0,0,34
SSC11055,282,30,25,4,0,0,9,350
SSC11056,249,11,3,0,0,0,0,263
SSC11057,788,51,35,6,0,0,0,880
SSC11058,1050,63,22,3,0,0,3,1141
SSC11059,913,24,11,3,0,0,0,951
SSC11060,188,29,21,5,5,0,0,248
SSC11061,22,3,0,0,0,0,0,25
SSC11062,41,9,3,0,0,0,0,53
SSC11063,62,3,0,3,0,0,4,72
SSC11064,290,37,13,0,0,0,0,340
SSC11065,114,9,3,0,0,0,0,126
SSC11066,70,5,7,0,0,0,4,86
SSC11067,380,20,15,0,0,0,3,418
SSC11068,44,6,3,3,0,0,0,56
SSC11069,592,55,48,5,0,0,5,705
SSC11070,357,25,19,0,0,0,4,405
SSC11071,33,0,0,0,0,0,5,38
SSC11072,191,10,4,3,0,0,0,208
SSC11073,150,8,14,0,0,0,0,172
SSC11074,22,0,3,0,0,0,4,29
SSC11075,42,3,3,0,0,0,3,51
SSC11076,120,14,9,3,0,0,4,150
SSC11077,1162,89,67,8,0,3,4,1333
SSC11078,543,24,7,3,0,0,3,580
SSC11079,33,3,3,0,0,0,0,39
SSC11080,28,6,6,0,0,0,0,40
SSC11081,655,35,36,11,0,0,3,740
SSC11082,0,0,0,0,0,0,0,0
SSC11083,17,4,0,0,0,0,0,21
SSC11084,17,3,0,0,0,0,0,20
SSC11085,61,3,3,0,0,0,0,67
SSC11086,58,3,0,0,0,0,0,61
SSC11087,209,17,16,0,0,4,4,250
SSC11088,44,3,3,0,0,0,0,50
SSC11089,153,10,0,0,0,0,5,168
SSC11090,100,16,4,0,0,0,0,120
SSC11091,531,36,29,3,3,0,3,605
SSC11092,819,56,30,0,0,0,3,908
SSC11093,26,5,4,0,0,0,0,35
SSC11094,566,59,30,17,0,3,0,675
SSC11095,261,19,16,6,5,0,0,307
SSC11096,244,14,13,3,0,0,0,274
SSC11097,874,50,36,4,0,0,0,964
SSC11098,68,0,3,0,0,0,0,71
SSC11099,100,0,7,0,0,0,5,112
SSC11100,34,0,4,0,0,0,0,38
SSC11101,23,0,0,0,0,0,0,23
SSC11102,29,0,0,0,0,0,0,29
SSC11103,29,3,5,0,0,0,0,37
SSC11104,15,5,0,0,0,0,0,20
SSC11105,15,4,0,0,0,3,0,22
SSC11106,64,4,3,0,0,0,0,71
SSC11107,118,8,6,0,0,0,3,135
SSC11108,46,7,0,0,0,0,0,53
SSC11109,278,25,20,0,0,0,3,326
SSC11110,29,4,0,0,0,0,0,33
SSC11111,89,0,5,0,0,5,0,99
SSC11112,556,34,17,12,0,0,0,619
SSC11113,124,8,12,5,0,0,0,149
SSC11114,26,4,0,0,0,0,0,30
SSC11115,704,58,39,4,0,0,3,808
SSC11116,1567,93,51,34,0,3,8,1756
SSC11117,42,0,0,0,0,0,0,42
SSC11118,310,34,17,5,0,4,0,370
SSC11119,27,3,3,0,0,0,0,33
SSC11120,150,17,10,0,0,0,0,177
SSC11121,141,12,3,0,0,0,4,160
SSC11122,157,16,12,8,0,0,3,196
SSC11123,107,6,0,0,0,0,0,113
SSC11124,731,32,37,7,0,0,0,807
SSC11125,696,27,11,16,0,3,0,753
SSC11126,653,19,14,6,0,3,3,698
SSC11127,16,0,0,4,0,0,0,20
SSC11128,16,0,0,4,0,0,0,20
SSC11129,592,34,19,7,0,0,0,652
SSC11130,2379,120,45,14,0,3,6,2567
SSC11131,956,52,24,4,0,0,3,1039
SSC11132,20,0,0,0,0,0,0,20
SSC11133,35,4,0,0,0,0,0,39
SSC11134,72,7,3,0,0,0,0,82
SSC11135,970,92,58,6,0,0,0,1126
SSC11136,247,10,4,4,0,0,0,265
SSC11137,40,3,7,0,0,0,0,50
SSC11138,218,29,23,0,0,0,4,274
SSC11139,657,34,18,10,0,3,0,722
SSC11140,0,0,0,0,0,0,0,0
SSC11141,1081,61,22,5,0,0,0,1169
SSC11142,367,32,19,3,0,0,0,421
SSC11143,37,4,3,0,0,0,0,44
SSC11144,68,8,3,0,0,0,0,79
SSC11145,20,0,0,0,0,0,0,20
SSC11146,19,3,3,0,0,0,0,25
SSC11147,580,28,5,4,4,0,3,624
SSC11148,2943,170,59,53,0,3,8,3236
SSC11149,373,12,8,3,0,0,0,396
SSC11150,36,9,0,0,0,0,0,45
SSC11151,16,0,3,3,0,0,3,25
SSC11152,43,5,3,0,0,0,0,51
SSC11153,20,0,0,0,0,0,0,20
SSC11154,22,3,3,0,0,0,0,28
SSC11155,1156,58,24,8,0,0,4,1250
SSC11156,93,14,4,0,0,0,3,114
SSC11157,1639,124,71,30,4,4,6,1878
SSC11158,147,6,9,5,0,0,0,167
SSC11159,938,87,78,11,0,3,12,1129
SSC11160,94,5,7,3,0,0,3,112
SSC11161,90,11,6,3,0,0,0,110
SSC11162,9,4,0,0,0,0,0,13
SSC11163,12,3,4,0,0,0,0,19
SSC11164,178,13,4,3,0,0,0,198
SSC11165,31,0,0,0,0,0,0,31
SSC11166,507,28,37,11,0,0,4,587
SSC11167,738,43,24,7,0,0,0,812
SSC11168,43,3,0,0,0,0,0,46
SSC11169,34,3,3,3,0,0,0,43
SSC11170,27,0,3,0,0,0,0,30
SSC11171,34,3,0,3,0,0,0,40
SSC11172,12,0,4,0,0,0,0,16
SSC11173,24,0,0,0,0,0,0,24
SSC11174,36,6,0,0,0,0,0,42
SSC11175,95,7,5,0,0,0,0,107
SSC11176,1442,106,63,4,0,0,4,1619
SSC11177,31,0,0,0,0,0,0,31
SSC11178,70,4,0,0,0,0,0,74
SSC11179,15,6,0,0,0,0,0,21
SSC11180,173,8,9,3,0,0,0,193
SSC11181,339,24,25,9,0,3,5,405
SSC11182,33,3,0,0,0,0,0,36
SSC11183,222,16,5,4,0,0,0,247
SSC11184,187,9,6,0,0,0,0,202
SSC11185,226,14,16,3,0,0,4,263
SSC11186,0,0,0,0,0,0,0,0
SSC11187,29,4,0,0,0,0,0,33
SSC11188,0,0,0,0,0,0,0,0
SSC11189,33,3,0,0,0,0,0,36
SSC11190,109,4,4,0,0,0,4,121
SSC11191,339,28,40,3,0,0,5,415
SSC11192,208,12,14,3,0,0,3,240
SSC11193,36,3,3,0,0,0,0,42
SSC11194,46,0,0,0,0,0,0,46
SSC11195,70,3,5,0,0,0,0,78
SSC11196,14,3,0,0,0,0,0,17
SSC11197,524,38,36,3,3,0,0,604
SSC11198,93,10,8,3,0,0,3,117
SSC11199,28,0,0,0,0,0,0,28
SSC11200,18,0,3,0,0,0,0,21
SSC11201,82,4,3,0,0,0,0,89
SSC11202,77,7,3,0,0,0,0,87
SSC11203,26,7,3,0,0,0,0,36
SSC11204,23,5,0,0,0,0,0,28
SSC11205,42,5,0,0,0,0,0,47
SSC11206,318,40,18,6,0,0,8,390
SSC11207,25,0,4,0,0,0,0,29
SSC11208,922,90,64,13,0,0,5,1094
SSC11209,69,5,3,0,0,0,0,77
SSC11210,471,36,13,3,0,0,0,523
SSC11211,851,69,54,12,0,0,0,986
SSC11212,98,9,0,0,0,0,0,107
SSC11213,549,71,31,3,0,0,4,658
SSC11214,403,21,19,7,0,0,0,450
SSC11215,86,5,3,0,0,0,3,97
SSC11216,41,5,0,0,0,0,0,46
SSC11217,43,0,4,0,0,0,0,47
SSC11218,285,12,10,0,3,0,0,310
SSC11219,19,0,3,0,0,0,0,22
SSC11220,3349,160,115,27,0,6,11,3668
SSC11221,1368,83,46,14,0,3,3,1517
SSC11222,763,98,57,3,3,5,8,937
SSC11223,28,0,0,3,0,0,0,31
SSC11224,0,0,0,0,0,0,0,0
SSC11225,300,13,11,3,0,3,0,330
SSC11226,19,0,4,0,0,0,0,23
SSC11227,114,13,10,0,0,0,0,137
SSC11228,14,0,0,0,0,0,0,14
SSC11229,858,34,17,6,0,0,3,918
SSC11230,712,39,28,6,0,3,0,788
SSC11231,82,3,3,0,0,0,0,88
SSC11232,34,3,3,0,0,0,0,40
SSC11233,51,4,0,0,0,0,0,55
SSC11234,70,5,3,0,0,0,0,78
SSC11235,37,3,3,0,0,0,0,43
SSC11236,12,0,0,0,0,0,0,12
SSC11237,570,51,20,3,0,0,4,648
SSC11238,618,50,22,3,0,4,0,697
SSC11239,99,11,4,3,0,0,0,117
SSC11240,39,13,3,0,0,0,0,55
SSC11241,37,4,0,0,0,0,0,41
SSC11242,157,18,5,0,0,0,0,180
SSC11243,19,3,4,0,0,0,3,29
SSC11244,1296,56,19,8,0,4,0,1383
SSC11245,694,30,16,0,0,0,4,744
SSC11246,591,65,56,3,0,3,10,728
SSC11247,24,3,0,3,0,0,0,30
SSC11248,41,3,3,0,0,0,0,47
SSC11249,82,9,0,0,0,0,0,91
SSC11250,111,5,0,0,0,0,3,119
SSC11251,10,0,0,0,0,0,0,10
SSC11252,26,3,0,0,0,0,0,29
SSC11253,647,83,34,7,0,3,7,781
SSC11254,32,3,0,0,0,0,0,35
SSC11255,26,4,3,3,0,0,0,36
SSC11256,162,3,7,0,0,0,3,175
SSC11257,1364,79,34,20,0,0,5,1502
SSC11258,459,26,13,6,0,0,5,509
SSC11259,55,0,3,3,0,0,0,61
SSC11260,521,60,24,4,0,0,6,615
SSC11261,1299,64,25,6,0,0,3,1397
SSC11262,1613,59,23,17,0,0,0,1712
SSC11263,25,0,3,3,0,0,0,31
SSC11264,770,87,60,7,3,3,8,938
SSC11265,133,11,3,4,0,0,0,151
SSC11266,5,0,3,0,0,0,0,8
SSC11267,0,0,0,0,0,0,0,0
SSC11268,104,5,6,0,0,0,0,115
SSC11269,1024,92,45,3,0,0,3,1167
SSC11270,167,7,4,0,0,0,0,178
SSC11271,55,4,3,0,0,0,4,66
SSC11272,21,4,0,0,0,0,0,25
SSC11273,1424,70,24,19,0,3,9,1549
SSC11274,295,16,4,3,0,0,0,318
SSC11275,80,3,0,0,0,0,3,86
SSC11276,312,33,28,3,0,3,7,386
SSC11277,30,0,3,0,0,0,0,33
SSC11278,0,0,0,0,0,0,0,0
SSC11279,14,3,0,0,0,0,3,20
SSC11280,19,0,0,0,0,0,0,19
SSC11281,610,53,50,5,0,0,5,723
SSC11282,208,18,11,4,0,0,4,245
SSC11283,28,3,0,0,0,0,0,31
SSC11284,230,18,12,3,0,0,3,266
SSC11285,27,0,0,0,0,0,0,27
SSC11286,456,36,22,3,0,0,0,517
SSC11287,143,10,4,0,0,0,0,157
SSC11288,29,3,3,0,0,0,0,35
SSC11289,0,0,0,0,0,0,0,0
SSC11290,58,3,3,3,0,0,0,67
SSC11291,54,4,9,0,0,0,0,67
SSC11292,30,3,4,3,0,0,0,40
SSC11293,97,3,7,3,0,0,0,110
SSC11294,290,20,13,4,0,0,4,331
SSC11295,101,11,5,0,0,0,0,117
SSC11296,394,21,16,3,0,0,3,437
SSC11297,151,20,6,0,0,0,0,177
SSC11298,88,4,0,0,0,0,0,92
SSC11299,468,52,44,9,0,0,10,583
SSC11300,86,6,0,4,0,0,0,96
SSC11301,131,5,5,3,0,0,0,144
SSC11302,184,23,23,0,0,0,7,237
SSC11303,34,3,3,0,0,0,0,40
SSC11304,12,5,0,0,0,0,0,17
SSC11305,58,4,5,0,0,0,0,67
SSC11306,22,3,0,0,0,0,0,25
SSC11307,42,0,0,0,0,0,0,42
SSC11308,8,3,3,0,0,0,0,14
SSC11309,38,8,0,3,0,0,0,49
SSC11310,658,55,28,3,3,3,5,755
SSC11311,119,4,8,3,0,0,7,141
SSC11312,301,27,12,4,0,3,3,350
SSC11313,30,0,3,3,0,0,0,36
SSC11314,224,35,26,3,0,0,3,291
SSC11315,313,15,19,4,0,3,6,360
SSC11316,222,31,14,3,0,0,0,270
SSC11317,74,3,3,0,0,0,0,80
SSC11318,417,47,29,7,0,0,3,503
SSC11319,48,9,0,0,0,0,0,57
SSC11320,146,8,9,0,0,0,0,163
SSC11321,214,18,8,0,0,0,4,244
SSC11322,2010,74,42,30,0,3,4,2163
SSC11323,51,6,3,0,0,0,0,60
SSC11324,87,10,7,3,0,0,4,111
SSC11325,31,0,0,0,0,0,0,31
SSC11326,681,44,34,10,0,3,3,775
SSC11327,63,3,3,0,0,0,0,69
SSC11328,509,48,17,3,0,4,0,581
SSC11329,1094,69,27,3,3,0,4,1200
SSC11330,1026,46,11,5,0,0,0,1088
SSC11331,343,13,9,3,0,0,0,368
SSC11332,38,3,0,0,0,0,0,41
SSC11333,0,0,0,0,0,0,0,0
SSC11334,50,3,9,0,0,3,0,65
SSC11335,0,0,0,0,0,0,0,0
SSC11336,285,18,5,5,0,0,0,313
SSC11337,120,8,0,0,0,0,0,128
SSC11338,176,11,7,3,0,4,0,201
SSC11339,28,3,0,0,0,0,0,31
SSC11340,11,3,0,0,0,0,0,14
SSC11341,67,6,8,0,0,0,3,84
SSC11342,52,0,0,0,0,0,0,52
SSC11343,941,80,72,4,0,0,11,1108
SSC11344,74,11,3,4,0,0,0,92
SSC11345,277,30,17,0,0,0,6,330
SSC11346,17,3,0,0,0,0,0,20
SSC11347,22,5,0,0,0,0,0,27
SSC11348,823,46,45,7,0,3,5,929
SSC11349,28,3,3,0,0,0,0,34
SSC11350,35,3,7,0,0,0,0,45
SSC11351,1349,83,25,9,0,0,4,1470
SSC11352,189,26,10,3,0,0,4,232
SSC11353,684,57,30,3,0,0,3,777
SSC11354,308,28,9,3,0,0,0,348
SSC11355,262,18,13,0,0,0,0,293
SSC11356,325,28,23,15,3,0,14,408
SSC11357,967,85,48,21,0,3,5,1129
SSC11358,288,21,23,3,0,0,0,335
SSC11359,46,6,3,0,0,0,0,55
SSC11360,269,12,6,0,0,0,0,287
SSC11361,19,6,0,0,0,0,0,25
SSC11362,277,13,6,7,0,0,0,303
SSC11363,2029,106,33,50,0,0,10,2228
SSC11364,53,3,8,3,0,0,0,67
SSC11365,136,14,13,3,0,0,3,169
SSC11366,44,4,5,0,0,0,0,53
SSC11367,193,10,4,0,0,0,3,210
SSC11368,12,3,0,0,0,0,0,15
SSC11369,842,57,19,5,0,0,0,923
SSC11370,6,0,0,0,0,0,0,6
SSC11371,28,7,0,0,0,0,0,35
SSC11372,30,10,6,0,0,0,0,46
SSC11373,13,3,3,0,0,0,0,19
SSC11374,74,5,5,0,0,0,0,84
SSC11375,35,0,3,0,0,0,0,38
SSC11376,1265,47,16,7,0,0,3,1338
SSC11377,30,0,3,0,0,0,0,33
SSC11378,59,4,0,0,0,0,0,63
SSC11379,674,55,34,4,0,0,3,770
SSC11380,214,35,14,0,0,0,4,267
SSC11381,169,9,10,3,0,3,0,194
SSC11382,26,3,3,0,0,0,0,32
SSC11383,423,54,33,0,0,0,0,510
SSC11384,341,21,14,0,0,3,3,382
SSC11385,46,3,7,0,0,0,0,56
SSC11386,39,0,0,0,0,0,0,39
SSC11387,59,3,4,0,0,0,0,66
SSC11388,28,3,0,0,0,0,0,31
SSC11389,82,3,9,0,0,0,3,97
SSC11390,2749,143,60,46,4,0,5,3007
SSC11391,242,15,8,0,0,0,0,265
SSC11392,201,12,7,4,0,0,3,227
SSC11393,72,5,0,0,0,0,3,80
SSC11394,31,3,3,0,0,0,4,41
SSC11395,99,10,4,0,0,4,0,117
SSC11396,123,6,9,0,0,0,3,141
SSC11397,562,26,18,6,0,0,0,612
SSC11398,11,4,0,0,0,0,0,15
SSC11399,27,3,0,0,0,0,0,30
SSC11400,19,0,3,0,0,0,0,22
SSC11401,491,30,34,9,0,0,4,568
SSC11402,127,11,9,0,0,0,0,147
SSC11403,44,4,3,0,0,0,0,51
SSC11404,382,49,29,4,0,0,5,469
SSC11405,24,3,0,0,0,0,3,30
SSC11406,339,12,0,0,0,0,0,351
SSC11407,64,6,0,3,0,0,0,73
SSC11408,36,0,0,0,0,0,0,36
SSC11409,131,4,5,0,0,3,0,143
SSC11410,23,4,0,0,0,0,0,27
SSC11411,110,5,4,0,0,0,0,119
SSC11412,33,6,4,0,0,0,0,43
SSC11413,14,3,0,0,0,0,3,20
SSC11414,45,4,5,0,0,0,0,54
SSC11415,19,4,0,0,0,0,3,26
SSC11416,13,0,0,0,0,0,0,13
SSC11417,12,4,4,0,0,0,3,23
SSC11418,24,0,3,0,0,0,0,27
SSC11419,66,4,3,0,3,0,0,76
SSC11420,36,3,3,0,0,0,0,42
SSC11421,0,0,0,0,0,0,0,0
SSC11422,36,7,0,0,0,0,0,43
SSC11423,182,12,16,0,0,0,0,210
SSC11424,44,7,0,0,0,0,0,51
SSC11425,798,47,26,3,0,0,8,882
SSC11426,977,55,32,14,0,4,15,1097
SSC11427,28,4,3,0,0,0,0,35
SSC11428,22,0,3,0,0,0,0,25
SSC11429,15,0,0,0,0,0,0,15
SSC11430,22,0,0,0,0,0,0,22
SSC11431,161,12,17,0,3,0,3,196
SSC11432,175,15,10,0,0,0,3,203
SSC11433,134,8,3,0,0,0,0,145
SSC11434,1424,100,62,24,5,0,9,1624
SSC11435,405,32,21,0,0,0,3,461
SSC11436,195,9,7,0,0,0,0,211
SSC11437,356,17,4,0,0,0,4,381
SSC11438,0,0,0,0,0,0,0,0
SSC11439,12,0,0,0,0,0,0,12
SSC11440,66,3,3,0,0,0,0,72
SSC11441,52,0,8,0,0,0,0,60
SSC11442,24,0,0,0,0,0,0,24
SSC11443,128,13,6,0,0,0,0,147
SSC11444,14,3,3,0,0,0,0,20
SSC11445,382,22,12,6,0,0,0,422
SSC11446,78,6,3,4,0,0,0,91
SSC11447,17,5,0,0,0,0,0,22
SSC11448,30,3,3,0,0,0,0,36
SSC11449,29,3,3,0,0,0,0,35
SSC11450,151,16,7,0,0,0,0,174
SSC11451,51,3,0,0,0,0,0,54
SSC11452,42,0,6,0,0,0,0,48
SSC11453,314,22,11,3,0,0,0,350
SSC11454,68,3,3,0,0,0,0,74
SSC11455,78,6,7,0,0,0,0,91
SSC11456,67,9,5,0,0,0,0,81
SSC11457,181,22,14,0,0,0,0,217
SSC11458,1114,78,22,5,0,0,0,1219
SSC11459,619,50,23,7,0,0,4,703
SSC11460,188,21,24,0,0,0,0,233
SSC11461,14,0,0,0,0,0,0,14
SSC11462,32,0,0,0,0,0,0,32
SSC11463,151,12,6,0,0,0,0,169
SSC11464,833,45,36,11,0,0,3,928
SSC11465,41,0,3,0,0,0,0,44
SSC11466,388,36,23,4,0,0,4,455
SSC11467,119,13,12,0,0,0,5,149
SSC11468,23,3,0,0,0,0,0,26
SSC11469,34,3,3,0,0,0,3,43
SSC11470,82,7,6,0,4,0,0,99
SSC11471,38,5,0,0,0,0,0,43
SSC11472,3027,167,67,30,0,0,10,3301
SSC11473,70,0,5,3,0,0,0,78
SSC11474,19,0,0,0,0,0,0,19
SSC11475,2287,125,47,29,3,0,10,2501
SSC11476,101,10,7,0,0,0,0,118
SSC11477,1242,58,21,22,0,0,0,1343
SSC11478,49,5,0,0,0,0,0,54
SSC11479,35,3,0,0,0,0,0,38
SSC11480,37,9,6,0,0,0,0,52
SSC11481,33,3,3,0,0,0,0,39
SSC11482,39,5,3,0,0,0,0,47
SSC11483,126,11,6,3,0,0,0,146
SSC11484,965,96,67,10,0,0,11,1149
SSC11485,28,0,0,3,0,0,0,31
SSC11486,95,15,4,0,0,0,0,114
SSC11487,1120,64,28,16,4,0,3,1235
SSC11488,142,11,8,0,0,0,0,161
SSC11489,77,3,8,6,0,3,0,97
SSC11490,30,3,5,0,0,0,0,38
SSC11491,1138,69,31,19,0,0,4,1261
SSC11492,623,83,41,0,0,0,6,753
SSC11493,112,15,6,3,0,0,3,139
SSC11494,137,11,15,3,0,0,0,166
SSC11495,89,8,3,0,0,0,0,100
SSC11496,49,4,6,4,0,0,0,63
SSC11497,336,37,8,3,0,0,3,387
SSC11498,21,4,0,0,0,0,0,25
SSC11499,70,3,3,0,0,0,3,79
SSC11500,131,11,0,0,0,0,0,142
SSC11501,30,5,3,0,0,0,3,41
SSC11502,273,12,5,3,0,0,0,293
SSC11503,40,5,3,4,0,0,0,52
SSC11504,1129,96,65,6,0,0,5,1301
SSC11505,49,3,0,0,0,0,0,52
SSC11506,39,7,3,0,0,0,0,49
SSC11507,16,0,0,0,0,0,0,16
SSC11508,222,10,5,0,0,0,0,237
SSC11509,60,5,0,0,0,0,0,65
SSC11510,42,4,3,3,0,0,0,52
SSC11511,1568,90,56,9,0,3,3,1729
SSC11512,101,5,5,0,0,0,0,111
SSC11513,22,3,3,0,0,3,0,31
SSC11514,29,6,3,0,0,0,0,38
SSC11515,22,4,0,0,0,0,0,26
SSC11516,52,0,0,0,0,0,0,52
SSC11517,1093,70,35,3,0,0,4,1205
SSC11518,189,16,8,0,0,0,0,213
SSC11519,180,24,6,3,0,3,3,219
SSC11520,43,0,3,0,0,0,3,49
SSC11521,146,13,8,0,0,0,5,172
SSC11522,15,0,3,0,0,0,0,18
SSC11523,17,0,0,0,0,0,0,17
SSC11524,3204,128,84,41,0,0,8,3465
SSC11525,619,60,24,13,0,0,5,721
SSC11526,25,3,0,0,0,0,4,32
SSC11527,0,0,0,0,0,0,0,0
SSC11528,472,52,43,3,0,0,10,580
SSC11529,32,0,3,0,0,0,0,35
SSC11530,86,8,3,3,0,0,0,100
SSC11531,47,8,5,0,0,0,0,60
SSC11532,53,3,4,0,0,0,3,63
SSC11533,195,15,0,0,0,0,0,210
SSC11534,129,6,3,0,0,0,0,138
SSC11535,56,5,4,0,0,0,0,65
SSC11536,22,5,0,0,0,0,0,27
SSC11537,263,19,7,5,0,3,5,302
SSC11538,36,7,3,0,0,0,0,46
SSC11539,55,10,0,0,0,0,0,65
SSC11540,85,3,3,0,0,0,3,94
SSC11541,27,3,3,0,0,0,0,33
SSC11542,111,10,11,0,0,0,0,132
SSC11543,520,33,20,6,0,0,0,579
SSC11544,16,0,0,0,0,0,0,16
SSC11545,129,6,0,3,0,0,3,141
SSC11546,103,4,8,3,0,0,0,118
SSC11547,796,54,30,5,5,0,4,894
SSC11548,39,3,0,0,0,0,0,42
SSC11549,88,7,8,0,4,3,0,110
SSC11550,90,6,4,0,0,0,0,100
SSC11551,14,0,0,0,0,0,0,14
SSC11552,13,0,0,0,0,0,0,13
SSC11553,1245,81,58,29,3,3,13,1432
SSC11554,46,6,5,0,0,0,0,57
SSC11555,1485,96,53,9,0,4,8,1655
SSC11556,74,8,5,0,0,0,3,90
SSC11557,30,4,0,0,0,0,0,34
SSC11558,23,0,0,0,0,0,3,26
SSC11559,11,3,0,0,0,0,0,14
SSC11560,43,3,4,0,0,0,0,50
SSC11561,50,0,0,0,0,0,0,50
SSC11562,492,29,28,0,0,3,0,552
SSC11563,464,31,28,5,0,5,7,540
SSC11564,76,0,3,3,0,0,0,82
SSC11565,15,3,3,0,0,0,0,21
SSC11566,19,0,0,4,0,0,0,23
SSC11567,24,0,0,0,0,3,0,27
SSC11568,4,0,0,0,0,0,0,4
SSC11569,29,0,0,0,0,0,0,29
SSC11570,90,12,10,0,0,0,0,112
SSC11571,123,13,13,0,0,0,3,152
SSC11572,249,24,11,3,5,0,0,292
SSC11573,1166,84,41,10,0,0,0,1301
SSC11574,22,4,0,0,0,0,0,26
SSC11575,0,0,0,0,0,0,0,0
SSC11576,49,0,3,0,0,0,0,52
SSC11577,53,0,3,3,0,0,0,59
SSC11578,476,31,11,3,3,0,3,527
SSC11579,40,3,0,0,0,0,3,46
SSC11580,31,0,3,3,0,0,0,37
SSC11581,24,3,0,0,0,0,0,27
SSC11582,120,10,3,3,0,3,0,139
SSC11583,94,12,7,0,0,0,4,117
SSC11584,19,3,0,3,0,0,0,25
SSC11585,180,19,8,0,0,0,4,211
SSC11586,45,6,0,0,0,0,0,51
SSC11587,20,0,4,0,0,0,0,24
SSC11588,212,19,7,0,0,0,0,238
SSC11589,0,0,0,0,0,0,0,0
SSC11590,973,70,31,11,0,3,3,1091
SSC11591,40,0,0,0,0,0,0,40
SSC11592,11,3,3,0,0,0,0,17
SSC11593,790,53,43,16,0,3,14,919
SSC11594,151,14,13,0,0,0,0,178
SSC11595,67,13,0,3,0,0,0,83
SSC11596,127,14,10,0,0,0,0,151
SSC11597,1167,63,24,11,0,0,3,1268
SSC11598,87,12,0,0,0,0,0,99
SSC11599,22,0,0,0,0,0,0,22
SSC11600,29,3,3,3,0,3,0,41
SSC11601,317,25,27,0,0,0,6,375
SSC11602,73,10,3,0,0,3,3,92
SSC11603,3039,141,48,7,0,0,5,3240
SSC11604,688,64,55,4,0,3,0,814
SSC11605,41,7,3,3,0,0,0,54
SSC11606,26,0,3,0,0,0,0,29
SSC11607,50,3,4,0,0,0,3,60
SSC11608,1562,120,83,10,0,0,5,1780
SSC11609,56,4,0,0,0,0,0,60
SSC11610,257,38,19,13,4,0,0,331
SSC11611,36,3,0,3,0,0,3,45
SSC11612,1067,68,35,7,0,0,7,1184
SSC11613,1995,101,66,31,3,4,9,2209
SSC11614,24,3,0,0,0,0,0,27
SSC11615,13,6,3,0,0,0,0,22
SSC11616,18,4,3,3,0,0,0,28
SSC11617,101,3,7,3,0,3,0,117
SSC11618,287,32,17,5,0,0,3,344
SSC11619,204,9,11,0,0,0,0,224
SSC11620,148,11,0,4,0,0,0,163
SSC11621,224,13,0,5,0,0,0,242
SSC11622,140,9,0,4,0,0,0,153
SSC11623,30,3,0,0,0,0,0,33
SSC11624,185,20,5,0,0,0,0,210
SSC11625,160,13,3,3,0,0,3,182
SSC11626,1023,61,40,17,0,5,3,1149
SSC11627,41,4,3,0,0,0,0,48
SSC11628,371,37,13,3,0,0,0,424
SSC11629,36,3,8,0,0,0,0,47
SSC11630,159,14,11,0,0,0,0,184
SSC11631,23,4,0,0,0,0,0,27
SSC11632,176,6,0,4,0,0,0,186
SSC11633,66,11,7,0,0,0,0,84
SSC11634,24,4,0,0,0,0,0,28
SSC11635,46,3,0,0,0,0,0,49
SSC11636,438,52,22,3,0,0,6,521
SSC11637,23,0,0,0,0,0,0,23
SSC11638,20,0,6,0,0,0,0,26
SSC11639,867,94,73,8,0,0,8,1050
SSC11640,104,8,3,0,0,0,3,118
SSC11641,85,4,4,0,0,0,0,93
SSC11642,211,11,14,4,0,0,0,240
SSC11643,12,3,0,0,0,0,0,15
SSC11644,57,6,3,0,0,0,0,66
SSC11645,47,0,3,0,0,0,0,50
SSC11646,74,4,4,0,0,0,0,82
SSC11647,11,3,0,0,0,0,0,14
SSC11648,276,27,18,3,0,0,3,327
SSC11649,72,3,0,0,0,0,0,75
SSC11650,138,12,4,3,0,0,0,157
SSC11651,30,3,3,3,0,0,4,43
SSC11652,20,0,0,0,0,0,0,20
SSC11653,7,0,0,0,0,0,0,7
SSC11654,29,3,0,0,0,0,0,32
SSC11655,62,0,5,5,0,0,0,72
SSC11656,26,4,4,0,0,0,0,34
SSC11657,17,0,0,0,0,0,0,17
SSC11658,7,0,0,0,0,0,0,7
SSC11659,34,4,0,3,0,0,3,44
SSC11660,385,25,19,3,0,0,0,432
SSC11661,30,4,0,0,0,0,5,39
SSC11662,59,8,4,0,0,0,0,71
SSC11663,533,58,30,5,0,0,6,632
SSC11664,73,3,4,0,0,0,0,80
SSC11665,1099,100,111,10,0,0,11,1331
SSC11666,26,0,0,0,0,0,0,26
SSC11667,18,0,0,0,0,0,0,18
SSC11668,15,0,3,0,0,0,0,18
SSC11669,90,5,3,0,0,0,0,98
SSC11670,4,0,0,0,0,0,0,4
SSC11671,17,0,0,0,0,0,3,20
SSC11672,42,4,5,0,0,0,0,51
SSC11673,19,3,0,0,0,0,0,22
SSC11674,134,9,8,4,0,0,4,159
SSC11675,317,32,27,3,0,3,6,388
SSC11676,113,8,8,3,0,0,0,132
SSC11677,45,8,3,0,0,0,0,56
SSC11678,21,3,3,0,0,0,0,27
SSC11679,39,6,0,0,0,0,0,45
SSC11680,28,3,3,0,0,0,0,34
SSC11681,896,81,47,10,3,0,7,1044
SSC11682,395,35,24,5,0,3,3,465
SSC11683,981,88,73,8,0,0,3,1153
SSC11684,677,30,11,3,0,0,4,725
SSC11685,151,16,8,0,0,0,4,179
SSC11686,522,38,19,0,0,3,0,582
SSC11687,697,44,57,5,0,0,10,813
SSC11688,45,0,4,0,0,0,0,49
SSC11689,360,21,23,4,0,0,10,418
SSC11690,92,5,9,0,0,0,3,109
SSC11691,733,57,22,10,0,3,0,825
SSC11692,400,25,24,3,0,0,11,463
SSC11693,568,30,22,10,0,3,0,633
SSC11694,43,3,4,0,0,0,0,50
SSC11695,29,0,0,3,0,0,0,32
SSC11696,31,3,3,0,0,0,0,37
SSC11697,19,3,0,0,0,0,0,22
SSC11698,61,6,3,0,0,0,0,70
SSC11699,408,34,14,0,0,0,5,461
SSC11700,35,0,0,3,0,0,3,41
SSC11701,62,9,4,0,0,0,3,78
SSC11702,44,4,0,0,0,0,0,48
SSC11703,23,8,0,0,0,0,0,31
SSC11704,21,4,3,0,0,0,0,28
SSC11705,4,0,0,0,0,0,0,4
SSC11706,40,7,0,0,0,0,0,47
SSC11707,47,3,3,0,0,0,0,53
SSC11708,616,44,6,0,0,3,0,669
SSC11709,25,0,5,0,0,0,0,30
SSC11710,20,3,0,0,0,0,0,23
SSC11711,60,5,4,0,0,0,0,69
SSC11712,28,0,0,0,0,0,0,28
SSC11713,24,0,0,0,0,0,3,27
SSC11714,1033,68,35,6,0,0,3,1145
SSC11715,299,27,5,0,0,0,4,335
SSC11716,14,3,0,0,0,0,0,17
SSC11717,101,9,3,0,0,0,0,113
SSC11718,55,4,0,0,0,0,0,59
SSC11719,22,3,3,0,0,0,0,28
SSC11720,36,0,8,0,0,0,0,44
SSC11721,771,39,8,0,0,0,3,821
SSC11722,1074,87,36,8,0,0,0,1205
SSC11723,51,5,3,3,0,0,0,62
SSC11724,819,49,12,6,0,0,3,889
SSC11725,329,23,25,3,0,0,0,380
SSC11726,13,0,0,0,0,0,0,13
SSC11727,91,14,8,0,0,0,0,113
SSC11728,20,0,3,0,0,0,0,23
SSC11729,22,4,0,0,0,0,0,26
SSC11730,106,8,4,3,0,0,0,121
SSC11731,254,27,10,0,0,0,0,291
SSC11732,103,7,3,0,0,0,0,113
SSC11733,660,34,15,0,3,0,3,715
SSC11734,447,46,28,6,0,4,6,537
SSC11735,25,0,0,3,0,0,0,28
SSC11736,229,16,10,0,0,0,0,255
SSC11737,571,26,9,3,0,0,3,612
SSC11738,45,0,0,0,0,0,0,45
SSC11739,136,6,10,3,0,0,0,155
SSC11740,930,44,17,4,0,0,4,999
SSC11741,0,0,0,0,0,0,0,0
SSC11742,115,14,3,3,0,0,0,135
SSC11743,524,31,11,0,0,0,0,566
SSC11744,31,0,0,0,0,0,0,31
SSC11745,675,29,17,7,0,3,3,734
SSC11746,311,28,21,5,0,0,4,369
SSC11747,75,11,11,0,0,0,0,97
SSC11748,233,25,9,0,0,0,0,267
SSC11749,51,3,3,0,0,0,0,57
SSC11750,41,7,3,0,0,0,0,51
SSC11751,409,21,15,0,0,0,0,445
SSC11752,29,9,0,0,0,0,0,38
SSC11753,729,54,30,8,0,0,0,821
SSC11754,504,52,42,9,0,4,4,615
SSC11755,1152,61,34,16,0,4,0,1267
SSC11756,460,66,34,5,0,0,7,572
SSC11757,1121,51,26,9,0,0,0,1207
SSC11758,98,12,0,0,0,0,0,110
SSC11759,1352,53,21,14,0,5,0,1445
SSC11760,42,0,0,0,0,0,0,42
SSC11761,291,23,33,4,0,0,4,355
SSC11762,46,3,6,0,0,0,0,55
SSC11763,500,19,8,4,0,0,0,531
SSC11764,371,25,4,0,0,0,0,400
SSC11765,281,25,8,0,0,0,0,314
SSC11766,30,7,0,3,0,0,0,40
SSC11767,439,25,15,0,0,0,0,479
SSC11768,79,11,4,0,0,0,0,94
SSC11769,301,15,4,0,0,0,0,320
SSC11770,496,24,9,0,0,0,3,532
SSC11771,80,0,3,0,0,0,0,83
SSC11772,10,0,0,0,0,0,0,10
SSC11773,889,38,13,3,0,0,0,943
SSC11774,1159,75,19,13,0,0,0,1266
SSC11775,137,8,4,0,0,0,0,149
SSC11776,13,0,0,0,0,0,0,13
SSC11777,544,58,47,5,0,6,10,670
SSC11778,131,14,12,0,0,0,4,161
SSC11779,79,5,5,0,0,0,0,89
SSC11780,45,3,3,0,0,0,0,51
SSC11781,20,0,0,0,0,0,0,20
SSC11782,35,3,3,0,0,0,0,41
SSC11783,29,3,0,0,0,0,0,32
SSC11784,82,4,6,0,0,0,0,92
SSC11785,46,3,3,0,0,0,0,52
SSC11786,0,0,0,0,0,0,0,0
SSC11787,0,0,0,0,0,0,0,0
SSC11788,27,3,0,0,0,0,0,30
SSC11789,218,18,16,7,0,0,0,259
SSC11790,74,8,3,0,0,0,0,85
SSC11791,680,58,39,11,0,3,10,801
SSC11792,207,18,19,3,0,3,3,253
SSC11793,81,6,3,0,0,0,0,90
SSC11794,1022,53,45,11,3,0,3,1137
SSC11795,19,0,0,0,0,0,0,19
SSC11796,258,4,3,6,0,0,0,271
SSC11797,22,3,3,3,3,0,0,34
SSC11798,715,23,17,11,0,0,3,769
SSC11799,1415,50,23,7,0,0,8,1503
SSC11800,321,22,20,4,0,0,0,367
SSC11801,40,3,0,3,0,0,0,46
SSC11802,450,46,23,3,3,3,3,531
SSC11803,326,31,26,7,3,0,3,396
SSC11804,23,3,0,0,0,0,0,26
SSC11805,77,11,4,4,0,0,4,100
SSC11806,18,3,0,0,0,0,0,21
SSC11807,327,15,10,6,0,0,4,362
SSC11808,56,3,3,0,0,0,0,62
SSC11809,354,15,15,3,0,0,3,390
SSC11810,43,3,3,0,0,3,0,52
SSC11811,12,0,0,0,0,0,0,12
SSC11812,12,0,3,0,0,0,3,18
SSC11813,20,3,0,0,0,0,0,23
SSC11814,3368,284,213,29,0,12,16,3922
SSC11815,159,8,3,3,0,0,3,176
SSC11816,265,19,12,0,0,0,0,296
SSC11817,38,11,6,0,0,4,0,59
SSC11818,32,0,0,0,0,0,0,32
SSC11819,50,0,0,0,0,0,0,50
SSC11820,67,3,3,0,0,0,0,73
SSC11821,473,54,26,9,0,0,0,562
SSC11822,44,4,3,0,0,0,0,51
SSC11823,32,3,3,3,0,0,0,41
SSC11824,243,35,20,6,0,0,3,307
SSC11825,269,29,32,6,0,0,5,341
SSC11826,839,42,12,3,0,4,3,903
SSC11827,872,57,19,3,0,0,3,954
SSC11828,17,3,0,0,0,0,0,20
SSC11829,1541,109,54,18,0,0,3,1725
SSC11830,425,20,17,5,0,0,3,470
SSC11831,494,24,9,4,0,0,0,531
SSC11832,48,3,3,0,0,0,0,54
SSC11833,136,16,0,3,0,0,0,155
SSC11834,44,4,0,0,0,0,0,48
SSC11835,64,11,8,0,0,0,0,83
SSC11836,58,3,7,0,0,0,4,72
SSC11837,32,0,4,0,0,0,0,36
SSC11838,1484,83,46,17,3,0,3,1636
SSC11839,1017,85,73,9,0,3,16,1203
SSC11840,38,7,0,0,0,0,0,45
SSC11841,441,24,18,3,0,0,0,486
SSC11842,32,3,5,0,0,0,0,40
SSC11843,36,0,0,3,0,3,0,42
SSC11844,1813,83,27,15,0,0,7,1945
SSC11845,34,0,0,0,0,3,0,37
SSC11846,97,3,8,3,0,0,0,111
SSC11847,9,3,0,0,0,0,0,12
SSC11848,80,12,11,0,0,0,0,103
SSC11849,77,6,5,0,0,0,0,88
SSC11850,1247,64,26,8,0,0,3,1348
SSC11851,313,15,8,3,0,0,0,339
SSC11852,20,3,0,0,0,0,0,23
SSC11853,40,3,3,0,0,0,0,46
SSC11854,67,5,3,0,0,3,3,81
SSC11855,85,8,7,5,0,0,0,105
SSC11856,84,10,3,0,0,0,0,97
SSC11857,13,3,4,0,0,0,0,20
SSC11858,467,26,15,0,0,0,0,508
SSC11859,809,34,13,10,0,0,0,866
SSC11860,1003,47,16,3,0,3,0,1072
SSC11861,849,104,50,10,3,0,4,1020
SSC11862,27,3,0,0,0,0,0,30
SSC11863,157,17,6,0,0,0,4,184
SSC11864,1435,83,31,25,0,0,0,1574
SSC11865,92,7,6,3,0,0,0,108
SSC11866,646,39,17,5,0,0,4,711
SSC11867,81,4,3,3,0,0,0,91
SSC11868,47,11,6,0,0,0,0,64
SSC11869,85,0,0,3,0,0,0,88
SSC11870,26,3,4,0,0,0,0,33
SSC11871,28,3,0,0,0,0,0,31
SSC11872,46,3,3,0,0,0,0,52
SSC11873,38,0,0,0,0,0,0,38
SSC11874,790,34,22,3,0,0,4,853
SSC11875,568,37,37,4,0,0,3,649
SSC11876,33,7,0,0,0,0,0,40
SSC11877,31,5,3,0,0,0,0,39
SSC11878,54,7,6,0,0,0,0,67
SSC11879,14,0,0,0,0,0,0,14
SSC11880,32,4,0,5,0,0,0,41
SSC11881,0,0,0,0,0,0,0,0
SSC11882,8,0,0,0,0,0,0,8
SSC11883,289,17,9,5,0,0,4,324
SSC11884,36,3,0,0,0,0,0,39
SSC11885,45,5,0,0,0,0,0,50
SSC11886,1226,61,42,27,0,0,9,1365
SSC11887,410,29,22,3,0,0,0,464
SSC11888,141,8,5,4,0,0,0,158
SSC11889,91,5,0,0,0,0,0,96
SSC11890,0,0,0,0,0,0,0,0
SSC11891,62,5,0,0,0,0,0,67
SSC11892,0,0,0,0,0,0,0,0
SSC11893,13,0,3,0,0,0,0,16
SSC11894,32,0,0,0,0,0,0,32
SSC11895,0,0,0,0,0,0,0,0
SSC11896,186,12,4,3,0,0,0,205
SSC11897,473,37,14,3,0,3,0,530
SSC11898,3258,349,189,32,0,5,27,3860
SSC11899,9,3,0,0,0,0,3,15
SSC11900,198,12,12,3,0,3,5,233
SSC11901,0,0,0,0,0,0,0,0
SSC11902,30,3,3,3,0,0,0,39
SSC11903,19,6,0,0,0,0,0,25
SSC11904,0,0,0,0,0,0,0,0
SSC11905,127,5,3,0,0,0,3,138
SSC11906,588,39,38,4,0,0,4,673
SSC11907,410,21,8,7,0,0,0,446
SSC11908,21,5,0,0,0,0,0,26
SSC11909,2330,91,97,38,0,3,4,2563
SSC11910,46,4,3,0,0,0,0,53
SSC11911,155,15,11,0,0,0,0,181
SSC11912,29,4,4,0,0,0,0,37
SSC11913,642,39,17,13,0,0,3,714
SSC11914,0,0,0,0,0,0,0,0
SSC11915,28,3,3,0,0,0,0,34
SSC11916,2325,99,52,45,0,3,9,2533
SSC11917,4,0,5,3,0,0,0,12
SSC11918,637,24,8,0,0,0,5,674
SSC11919,36,4,0,0,0,0,0,40
SSC11920,24,0,3,0,0,0,3,30
SSC11921,1678,58,23,15,0,0,0,1774
SSC11922,23,0,0,0,0,0,0,23
SSC11923,616,45,11,4,0,0,3,679
SSC11924,12,0,0,0,0,0,0,12
SSC11925,3775,209,154,47,4,0,10,4199
SSC11926,27,0,3,0,0,0,3,33
SSC11927,32,0,0,0,0,0,0,32
SSC11928,428,48,31,7,0,0,3,517
SSC11929,281,25,12,3,0,0,0,321
SSC11930,327,35,13,0,0,0,0,375
SSC11931,363,17,4,3,0,0,0,387
SSC11932,250,16,0,0,0,0,0,266
SSC11933,55,0,7,0,0,0,0,62
SSC11934,286,30,24,8,0,0,3,351
SSC11935,90,7,6,0,0,0,0,103
SSC11936,777,58,43,10,0,0,7,895
SSC11937,117,15,10,4,0,0,0,146
SSC11938,69,3,3,0,0,0,0,75
SSC11939,51,4,9,0,0,0,0,64
SSC11940,34,3,0,0,0,0,0,37
SSC11941,106,8,0,3,0,0,0,117
SSC11942,110,19,4,0,0,0,0,133
SSC11943,68,6,0,0,0,0,0,74
SSC11944,2507,150,47,8,0,0,0,2712
SSC11945,293,14,13,3,0,0,0,323
SSC11946,36,4,0,0,0,0,0,40
SSC11947,25,3,0,0,0,0,3,31
SSC11948,176,17,12,3,0,0,0,208
SSC11949,0,0,0,0,0,0,0,0
SSC11950,26,6,4,3,0,0,0,39
SSC11951,163,18,8,0,0,0,0,189
SSC11952,1071,150,113,16,0,0,21,1371
SSC11953,134,9,8,3,0,0,3,157
SSC11954,41,0,0,0,0,0,0,41
SSC11955,47,5,0,0,0,0,0,52
SSC11956,13,0,5,0,0,0,0,18
SSC11957,29,3,3,3,0,0,0,38
SSC11958,14,0,0,0,0,0,0,14
SSC11959,451,33,8,3,0,3,3,501
SSC11960,403,27,14,0,0,0,3,447
SSC11961,53,3,0,3,0,0,0,59
SSC11962,545,35,9,11,0,0,4,604
SSC11963,83,3,3,0,0,3,0,92
SSC11964,61,4,8,0,0,0,5,78
SSC11965,17,3,0,0,0,0,0,20
SSC11966,1529,88,47,15,0,0,6,1685
SSC11967,203,14,3,3,0,0,0,223
SSC11968,426,24,7,0,0,0,0,457
SSC11969,332,43,14,0,0,3,5,397
SSC11970,98,9,0,0,0,0,0,107
SSC11971,22,3,3,0,0,0,0,28
SSC11972,24,5,3,0,0,0,0,32
SSC11973,16,4,0,0,0,0,0,20
SSC11974,648,67,47,7,0,0,8,777
SSC11975,10,0,0,4,0,0,0,14
SSC11976,502,12,14,5,0,0,0,533
SSC11977,1048,73,34,13,3,3,7,1181
SSC11978,191,10,15,0,0,0,3,219
SSC11979,132,3,3,0,0,0,0,138
SSC11980,11,0,0,0,0,0,0,11
SSC11981,33,3,3,0,0,0,0,39
SSC11982,25,3,0,0,0,0,0,28
SSC11983,1402,69,22,12,0,3,3,1511
SSC11984,19,3,0,0,0,0,0,22
SSC11985,28,6,0,0,0,0,0,34
SSC11986,24,0,3,0,0,0,0,27
SSC11987,197,9,3,3,0,0,0,212
SSC11988,0,0,0,0,0,0,0,0
SSC11989,1721,102,48,37,3,3,3,1917
SSC11990,202,12,10,3,0,0,0,227
SSC11991,976,52,21,0,0,0,3,1052
SSC11992,42,9,0,0,0,0,0,51
SSC11993,13,3,0,0,0,0,0,16
SSC11994,963,39,13,5,0,0,4,1024
SSC11995,21,4,0,0,0,0,0,25
SSC11996,11,3,3,0,0,0,0,17
SSC11997,248,6,5,4,0,0,0,263
SSC11998,1480,46,43,24,3,3,0,1599
SSC11999,869,75,56,18,3,4,10,1035
SSC12000,1369,51,13,3,3,0,0,1439
SSC12001,258,4,12,0,0,0,0,274
SSC12002,32,7,5,0,0,0,0,44
SSC12003,23,0,0,0,0,0,0,23
SSC12004,303,19,13,7,0,0,3,345
SSC12005,47,4,0,0,0,0,0,51
SSC12006,33,8,0,0,0,0,0,41
SSC12007,28,0,0,0,0,0,0,28
SSC12008,37,0,0,0,0,0,0,37
SSC12009,16,3,3,0,0,0,0,22
SSC12010,1140,53,51,8,0,0,3,1255
SSC12011,18,3,0,0,0,0,0,21
SSC12012,0,0,0,0,0,0,0,0
SSC12013,128,12,3,5,0,0,0,148
SSC12014,787,52,14,3,0,3,3,862
SSC12015,48,0,4,0,0,0,0,52
SSC12016,593,66,50,12,0,0,6,727
SSC12017,67,3,0,0,0,0,0,70
SSC12018,642,25,12,7,0,0,0,686
SSC12019,170,17,5,5,0,0,0,197
SSC12020,965,112,84,10,0,3,9,1183
SSC12021,22,4,0,0,0,0,0,26
SSC12022,771,37,14,8,0,0,3,833
SSC12023,2652,119,40,26,0,3,3,2843
SSC12024,24,3,3,0,0,0,0,30
SSC12025,11,3,0,0,0,0,0,14
SSC12026,66,10,8,0,0,0,0,84
SSC12027,28,5,0,0,0,0,0,33
SSC12028,30,5,4,0,0,0,0,39
SSC12029,276,15,18,5,3,0,6,323
SSC12030,73,5,3,0,0,0,0,81
SSC12031,357,42,20,0,4,0,0,423
SSC12032,19,0,0,0,0,0,0,19
SSC12033,111,8,9,7,0,0,0,135
SSC12034,35,3,3,3,0,0,3,47
SSC12035,384,48,46,3,0,0,7,488
SSC12036,75,4,7,0,0,0,0,86
SSC12037,430,47,44,6,3,0,11,541
SSC12038,13,0,0,0,0,0,0,13
SSC12039,118,7,0,4,0,0,0,129
SSC12040,202,19,19,5,0,0,0,245
SSC12041,17,0,3,0,0,0,0,20
SSC12042,40,0,0,0,0,0,0,40
SSC12043,90,5,3,0,0,0,0,98
SSC12044,1097,77,30,9,0,0,5,1218
SSC12045,196,16,6,0,0,0,0,218
SSC12046,420,38,25,3,0,0,4,490
SSC12047,0,0,0,0,0,0,0,0
SSC12048,55,5,4,0,0,0,0,64
SSC12049,287,29,9,4,0,0,0,329
SSC12050,54,5,4,0,0,0,0,63
SSC12051,37,0,4,0,0,0,0,41
SSC12052,479,32,17,3,0,0,4,535
SSC12053,557,33,36,3,0,3,3,635
SSC12054,99,10,5,0,0,0,0,114
SSC12055,65,0,0,3,0,0,0,68
SSC12056,1027,54,23,3,0,0,3,1110
SSC12057,144,13,6,6,0,4,0,173
SSC12058,44,5,4,0,0,0,0,53
SSC12059,42,0,0,0,0,0,0,42
SSC12060,65,3,0,0,0,0,3,71
SSC12061,20,0,3,0,0,0,3,26
SSC12062,660,23,13,16,0,4,0,716
SSC12063,35,0,0,0,0,0,0,35
SSC12064,2300,127,98,51,3,3,4,2586
SSC12065,33,0,0,0,0,0,0,33
SSC12066,295,31,27,15,3,3,3,377
SSC12067,50,0,3,0,0,0,0,53
SSC12068,32,3,0,0,0,0,0,35
SSC12069,18,4,0,0,0,0,0,22
SSC12070,590,49,30,3,0,0,3,675
SSC12071,350,44,23,7,0,0,3,427
SSC12072,0,0,0,0,0,0,0,0
SSC12073,119,20,8,0,0,0,0,147
SSC12074,33,0,3,0,0,0,0,36
SSC12075,94,12,9,3,3,0,0,121
SSC12076,187,23,10,0,0,3,0,223
SSC12077,285,46,24,4,0,0,3,362
SSC12078,534,33,26,3,3,0,3,602
SSC12079,202,9,8,3,0,0,0,222
SSC12080,24,0,4,0,0,0,0,28
SSC12081,528,39,44,4,0,4,5,624
SSC12082,483,44,31,3,0,0,0,561
SSC12083,139,14,8,0,0,0,0,161
SSC12084,20,3,3,0,0,0,0,26
SSC12085,3,0,0,0,0,0,0,3
SSC12086,1230,61,28,20,3,3,3,1348
SSC12087,29,0,5,3,0,0,0,37
SSC12088,89,15,6,0,0,0,3,113
SSC12089,50,0,6,0,0,0,0,56
SSC12090,87,12,7,0,0,0,0,106
SSC12091,116,14,7,0,0,0,0,137
SSC12092,56,6,3,3,0,0,0,68
SSC12093,80,12,3,0,0,0,0,95
SSC12094,10,0,0,0,0,0,0,10
SSC12095,153,18,12,0,0,0,0,183
SSC12096,123,6,8,0,0,0,0,137
SSC12097,567,34,7,4,0,0,0,612
SSC12098,31,0,0,0,0,0,0,31
SSC12099,59,13,5,0,0,0,0,77
SSC12100,419,54,47,11,0,4,8,543
SSC12101,584,22,19,10,3,0,4,642
SSC12102,77,12,7,0,0,0,0,96
SSC12103,81,5,0,0,0,0,0,86
SSC12104,31,7,3,0,0,0,0,41
SSC12105,631,41,11,18,0,3,3,707
SSC12106,164,13,13,6,3,0,9,208
SSC12107,145,20,19,3,0,3,0,190
SSC12108,25,3,0,0,0,0,0,28
SSC12109,39,6,3,0,0,0,0,48
SSC12110,61,3,6,0,0,0,3,73
SSC12111,70,15,6,0,0,0,3,94
SSC12112,85,6,12,0,0,0,0,103
SSC12113,51,5,0,0,0,0,0,56
SSC12114,1293,134,77,11,0,3,6,1524
SSC12115,441,55,38,8,0,0,6,548
SSC12116,468,16,8,3,0,0,3,498
SSC12117,694,31,19,0,4,0,4,752
SSC12118,271,31,24,3,0,3,3,335
SSC12119,522,59,39,7,0,0,4,631
SSC12120,3,0,0,0,0,0,0,3
SSC12121,20,0,3,0,0,0,0,23
SSC12122,299,40,20,7,0,0,0,366
SSC12123,47,3,3,3,0,0,0,56
SSC12124,35,0,0,0,0,0,0,35
SSC12125,41,3,3,0,0,0,3,50
SSC12126,38,4,0,0,0,0,0,42
SSC12127,136,13,3,0,0,3,0,155
SSC12128,44,4,0,0,0,0,0,48
SSC12129,40,6,0,4,0,0,0,50
SSC12130,27,0,6,0,0,0,0,33
SSC12131,38,3,0,0,0,0,0,41
SSC12132,36,3,0,3,0,0,0,42
SSC12133,143,23,18,4,0,0,0,188
SSC12134,486,32,28,4,0,0,0,550
SSC12135,33,0,4,0,0,0,0,37
SSC12136,29,0,0,0,0,0,0,29
SSC12137,281,10,8,3,0,0,0,302
SSC12138,877,94,49,9,0,0,3,1032
SSC12139,19,0,0,0,0,0,0,19
SSC12140,713,62,34,13,0,3,5,830
SSC12141,2725,192,134,31,7,4,19,3112
SSC12142,30,5,0,0,0,0,0,35
SSC12143,251,12,7,0,0,0,9,279
SSC12144,748,77,59,8,0,0,3,895
SSC12145,93,12,4,0,0,0,3,112
SSC12146,2281,109,44,11,0,3,4,2452
SSC12147,482,23,12,3,0,0,0,520
SSC12148,808,30,17,13,0,3,3,874
SSC12149,295,5,0,0,0,0,3,303
SSC12150,918,76,57,18,0,3,13,1085
SSC12151,199,15,4,0,0,0,0,218
SSC12152,50,3,3,3,0,0,3,62
SSC12153,46,11,4,0,0,0,0,61
SSC12154,1221,59,50,16,0,0,5,1351
SSC12155,669,31,8,0,0,0,3,711
SSC12156,192,13,6,0,0,0,0,211
SSC12157,74,3,0,0,0,0,0,77
SSC12158,38,4,0,0,0,0,4,46
SSC12159,315,40,17,3,0,0,5,380
SSC12160,54,8,5,0,0,0,0,67
SSC12161,29,0,0,0,0,0,0,29
SSC12162,22,0,0,0,0,0,0,22
SSC12163,27,5,0,0,0,0,0,32
SSC12164,2698,94,31,28,0,0,5,2856
SSC12165,450,22,9,3,0,0,3,487
SSC12166,102,3,11,0,0,0,4,120
SSC12167,33,0,0,0,0,0,4,37
SSC12168,50,0,5,0,0,0,0,55
SSC12169,33,0,0,4,0,0,0,37
SSC12170,27,0,0,0,0,0,0,27
SSC12171,35,0,0,0,0,0,0,35
SSC12172,283,23,9,0,0,0,0,315
SSC12173,617,36,6,5,0,0,3,667
SSC12174,76,5,4,0,0,0,0,85
SSC12175,200,22,25,0,0,0,5,252
SSC12176,34,3,0,0,0,0,0,37
SSC12177,39,0,0,0,0,0,0,39
SSC12178,37,0,0,0,0,0,0,37
SSC12179,85,14,6,0,0,3,0,108
SSC12180,120,19,6,0,0,0,0,145
SSC12181,99,7,13,3,0,0,3,125
SSC12182,443,34,5,6,0,0,3,491
SSC12183,174,23,19,0,0,0,0,216
SSC12184,839,65,25,0,0,3,0,932
SSC12185,177,16,15,4,0,0,0,212
SSC12186,61,9,0,0,0,0,0,70
SSC12187,46,0,0,0,0,0,0,46
SSC12188,42,3,0,0,0,0,3,48
SSC12189,333,33,19,8,0,3,11,407
SSC12190,84,7,0,4,0,0,3,98
SSC12191,67,5,3,4,0,0,0,79
SSC12192,391,18,3,5,0,0,7,424
SSC12193,0,0,0,0,0,0,0,0
SSC12194,1120,69,35,9,0,3,0,1236
SSC12195,429,23,14,3,0,0,0,469
SSC12196,192,9,10,4,0,0,0,215
SSC12197,45,10,4,0,0,0,0,59
SSC12198,83,17,6,0,0,0,0,106
SSC12199,29,5,0,0,0,0,0,34
SSC12200,444,47,33,4,0,0,8,536
SSC12201,9,0,0,0,0,0,0,9
SSC12202,29,5,4,4,0,0,0,42
SSC12203,34,0,3,0,0,0,3,40
SSC12204,62,10,3,4,0,0,0,79
SSC12205,40,3,3,0,0,0,0,46
SSC12206,110,7,0,3,0,0,0,120
SSC12207,53,3,3,3,0,0,0,62
SSC12208,0,0,0,0,0,0,0,0
SSC12209,9,3,0,0,0,0,0,12
SSC12210,256,22,25,3,3,0,5,314
SSC12211,32,3,0,3,0,0,0,38
SSC12212,18,0,0,0,0,0,0,18
SSC12213,19,4,3,3,0,0,0,29
SSC12214,70,3,0,4,0,0,0,77
SSC12215,34,6,0,0,0,0,0,40
SSC12216,17,3,4,3,0,0,0,27
SSC12217,17,0,0,0,0,0,0,17
SSC12218,58,3,3,0,0,0,0,64
SSC12219,1054,132,91,24,0,5,15,1321
SSC12220,27,3,3,0,0,0,0,33
SSC12221,162,13,4,0,0,0,0,179
SSC12222,27,5,0,0,0,0,0,32
SSC12223,221,15,7,0,0,0,0,243
SSC12224,142,20,13,3,0,0,0,178
SSC12225,169,15,4,3,0,0,3,194
SSC12226,16,0,0,0,0,0,0,16
SSC12227,132,3,7,0,0,0,3,145
SSC12228,284,13,16,0,0,0,0,313
SSC12229,25,0,0,0,0,0,0,25
SSC12230,5,3,0,0,0,0,0,8
SSC12231,132,25,10,0,0,0,0,167
SSC12232,197,17,13,5,0,0,0,232
SSC12233,62,14,0,4,0,0,0,80
SSC12234,555,30,15,11,0,0,3,614
SSC12235,31,0,0,3,0,0,3,37
SSC12236,374,29,21,3,0,0,3,430
SSC12237,355,18,10,6,0,0,0,389
SSC12238,287,22,16,3,0,3,0,331
SSC12239,51,3,3,0,0,0,0,57
SSC12240,166,6,4,3,0,0,0,179
SSC12241,300,21,25,0,0,0,4,350
SSC12242,116,25,5,4,0,0,4,154
SSC12243,22,0,3,0,0,0,0,25
SSC12244,23,0,3,0,0,0,0,26
SSC12245,25,3,0,0,0,0,0,28
SSC12246,25,4,4,0,0,0,0,33
SSC12247,372,25,17,0,0,0,0,414
SSC12248,443,13,19,3,0,0,0,478
SSC12249,1064,96,47,7,0,0,5,1219
SSC12250,25,9,0,3,0,0,0,37
SSC12251,22,0,0,0,0,0,0,22
SSC12252,26,3,0,0,0,0,0,29
SSC12253,85,7,0,0,0,0,0,92
SSC12254,42,3,3,0,0,0,0,48
SSC12255,146,30,14,3,0,0,4,197
SSC12256,84,20,15,5,0,0,0,124
SSC12257,108,8,3,0,0,0,0,119
SSC12258,119,3,4,5,0,0,3,134
SSC12259,33,0,0,0,0,0,0,33
SSC12260,320,25,16,0,0,0,0,361
SSC12261,24,0,0,0,0,0,0,24
SSC12262,35,0,0,0,0,0,0,35
SSC12263,489,8,21,7,0,0,0,525
SSC12264,15,0,4,0,0,0,0,19
SSC12265,109,13,5,0,0,0,0,127
SSC12266,11,3,0,0,0,0,0,14
SSC12267,35,0,0,0,0,0,0,35
SSC12268,32,0,5,0,0,0,0,37
SSC12269,76,7,0,0,0,0,0,83
SSC12270,393,27,19,4,0,0,4,447
SSC12271,670,53,30,5,0,0,0,758
SSC12272,33,0,0,0,0,0,0,33
SSC12273,1156,66,21,9,0,0,8,1260
SSC12274,1067,73,72,10,3,0,5,1230
SSC12275,26,3,3,0,0,0,0,32
SSC12276,750,60,36,6,0,0,3,855
SSC12277,34,0,0,0,0,0,0,34
SSC12278,121,22,5,3,0,0,0,151
SSC12279,43,0,0,0,0,3,0,46
SSC12280,95,5,10,4,0,0,6,120
SSC12281,242,24,21,3,0,0,3,293
SSC12282,90,11,4,3,0,0,3,111
SSC12283,86,10,3,0,0,0,0,99
SSC12284,40,7,0,0,0,0,0,47
SSC12285,156,16,11,0,0,0,0,183
SSC12286,265,30,20,3,0,0,3,321
SSC12287,14,4,3,3,0,0,0,24
SSC12288,41,8,3,3,0,0,3,58
SSC12289,103,4,4,3,0,0,0,114
SSC12290,35,0,3,0,0,0,0,38
SSC12291,8,0,0,0,0,0,0,8
SSC12292,30,6,0,0,0,0,0,36
SSC12293,1728,96,52,26,0,3,4,1909
SSC12294,40,0,0,0,0,0,0,40
SSC12295,420,53,46,9,0,4,6,538
SSC12296,34,7,0,3,0,0,0,44
SSC12297,370,55,25,10,4,4,8,476
SSC12298,17,5,0,3,0,0,0,25
SSC12299,50,4,4,0,0,0,0,58
SSC12300,253,33,14,3,0,3,3,309
SSC12301,33,5,0,0,0,0,0,38
SSC12302,66,7,8,0,0,0,0,81
SSC12303,328,18,17,4,0,0,4,371
SSC12304,23,4,3,0,0,0,0,30
SSC12305,96,3,6,3,0,0,3,111
SSC12306,63,3,0,0,0,0,3,69
SSC12307,268,38,27,9,0,0,4,346
SSC12308,50,5,6,0,0,0,0,61
SSC12309,25,0,4,0,0,0,0,29
SSC12310,20,0,3,3,0,0,0,26
SSC12311,23,5,3,0,0,0,0,31
SSC12312,34,0,0,0,0,0,0,34
SSC12313,16,0,3,0,0,0,0,19
SSC12314,95,8,9,0,0,0,0,112
SSC12315,115,8,6,0,0,3,3,135
SSC12316,43,0,0,0,0,0,3,46
SSC12317,44,3,0,0,0,0,0,47
SSC12318,44,3,3,3,0,0,0,53
SSC12319,21,3,3,0,0,0,0,27
SSC12320,139,19,10,3,0,0,0,171
SSC12321,511,57,43,7,0,0,3,621
SSC12322,36,4,0,4,0,0,0,44
SSC12323,44,8,0,0,0,0,0,52
SSC12324,571,59,38,3,3,0,9,683
SSC12325,271,32,19,0,0,3,7,332
SSC12326,223,18,10,0,0,0,0,251
SSC12327,23,0,0,0,0,0,0,23
SSC12328,101,17,14,3,0,0,3,138
SSC12329,1608,69,24,3,0,0,0,1704
SSC12330,228,4,5,5,0,0,3,245
SSC12331,348,19,20,0,0,0,4,391
SSC12332,420,43,21,9,0,0,3,496
SSC12333,404,52,33,9,0,0,0,498
SSC12334,340,43,23,10,0,3,3,422
SSC12335,12,0,0,0,0,0,0,12
SSC12336,47,3,0,0,3,0,0,53
SSC12337,25,0,3,0,0,0,0,28
SSC12338,56,3,6,0,0,0,3,68
SSC12339,41,3,0,0,0,0,0,44
SSC12340,457,49,45,6,3,0,6,566
SSC12341,66,5,4,0,0,3,0,78
SSC12342,20,3,0,0,0,0,0,23
SSC12343,200,20,5,3,0,0,3,231
SSC12344,1397,132,116,12,3,0,12,1672
SSC12345,503,53,33,6,0,0,6,601
SSC12346,18,0,3,0,0,0,3,24
SSC12347,24,3,0,0,0,0,0,27
SSC12348,24,0,0,0,0,0,0,24
SSC12349,17,0,3,0,0,0,0,20
SSC12350,25,3,0,0,0,0,0,28
SSC12351,37,11,3,0,0,0,3,54
SSC12352,11,0,0,0,0,5,0,16
SSC12353,30,3,0,0,0,0,0,33
SSC12354,80,4,3,4,0,0,0,91
SSC12355,31,4,8,0,0,0,0,43
SSC12356,21,0,0,0,0,0,0,21
SSC12357,265,13,9,3,0,0,6,296
SSC12358,19,0,4,0,0,0,0,23
SSC12359,109,11,8,0,0,0,0,128
SSC12360,28,3,4,0,0,0,0,35
SSC12361,197,24,16,0,0,0,0,237
SSC12362,60,0,6,0,0,0,0,66
SSC12363,36,6,3,3,0,0,0,48
SSC12364,711,61,24,3,0,3,0,802
SSC12365,81,8,4,0,0,4,0,97
SSC12366,85,8,10,0,0,0,3,106
SSC12367,167,13,7,3,0,0,3,193
SSC12368,10,0,0,0,0,0,0,10
SSC12369,1205,54,15,9,0,0,0,1283
SSC12370,35,0,0,0,0,0,0,35
SSC12371,36,3,0,0,0,3,0,42
SSC12372,466,22,18,17,3,0,3,529
SSC12373,207,16,11,0,3,0,0,237
SSC12374,120,9,4,4,0,0,0,137
SSC12375,0,0,0,0,0,0,0,0
SSC12376,245,7,5,3,0,0,0,260
SSC12377,210,13,17,3,0,0,0,243
SSC12378,438,34,13,3,0,0,3,491
SSC12379,15,3,0,0,0,0,0,18
SSC12380,2325,89,47,13,0,0,3,2477
SSC12381,624,29,15,6,0,0,0,674
SSC12382,23,3,4,0,0,0,0,30
SSC12383,671,35,17,5,0,3,0,731
SSC12384,49,6,0,0,0,0,0,55
SSC12385,28,0,0,0,0,0,0,28
SSC12386,237,9,9,4,0,0,3,262
SSC12387,161,8,12,10,0,4,6,201
SSC12388,97,4,3,3,0,0,0,107
SSC12389,23,0,0,0,0,0,3,26
SSC12390,61,7,5,0,0,0,0,73
SSC12391,215,9,12,6,3,3,0,248
SSC12392,29,3,0,0,0,0,0,32
SSC12393,47,4,3,0,0,0,3,57
SSC12394,141,10,3,0,0,0,0,154
SSC12395,31,4,0,0,0,0,0,35
SSC12396,39,6,3,4,0,0,0,52
SSC12397,34,5,3,0,0,0,0,42
SSC12398,91,3,0,0,0,0,3,97
SSC12399,29,3,3,0,0,0,3,38
SSC12400,178,12,26,9,0,0,3,228
SSC12401,1077,98,70,11,0,3,6,1265
SSC12402,742,73,26,7,0,0,0,848
SSC12403,234,13,8,0,0,0,0,255
SSC12404,17,0,3,0,0,0,0,20
SSC12405,45,3,8,0,0,0,0,56
SSC12406,31,0,0,3,0,0,0,34
SSC12407,218,39,14,0,0,0,3,274
SSC12408,32,0,3,0,0,0,0,35
SSC12409,188,19,10,4,0,0,0,221
SSC12410,311,30,18,0,3,0,3,365
SSC12411,192,17,17,7,0,3,0,236
SSC12412,79,9,8,4,0,0,0,100
SSC12413,9,3,3,0,0,0,3,18
SSC12414,194,6,4,3,0,0,0,207
SSC12415,156,20,8,0,0,0,3,187
SSC12416,19,4,0,0,0,0,0,23
SSC12417,477,62,51,8,3,3,7,611
SSC12418,711,62,45,13,0,3,0,834
SSC12419,67,0,7,0,0,0,4,78
SSC12420,21,3,0,0,0,0,0,24
SSC12421,116,9,5,4,0,0,4,138
SSC12422,46,5,0,0,0,0,3,54
SSC12423,426,11,9,3,0,0,0,449
SSC12424,370,26,26,4,0,0,6,432
SSC12425,20,0,5,0,0,0,0,25
SSC12426,24,3,3,0,0,0,0,30
SSC12427,150,8,3,3,3,0,0,167
SSC12428,38,0,0,0,0,0,0,38
SSC12429,837,57,31,3,0,0,3,931
SSC12430,317,15,11,3,0,0,0,346
SSC12431,380,29,18,6,0,0,3,436
SSC12432,324,50,33,8,0,0,5,420
SSC12433,66,3,4,3,0,0,0,76
SSC12434,319,32,4,6,0,0,0,361
SSC12435,154,8,13,0,0,0,5,180
SSC12436,86,5,3,0,0,0,0,94
SSC12437,29,3,0,3,0,0,0,35
SSC12438,27,0,3,0,0,0,0,30
SSC12439,23,3,0,3,0,0,3,32
SSC12440,1294,62,62,11,0,0,8,1437
SSC12441,205,13,10,3,0,0,0,231
SSC12442,444,52,47,10,0,3,3,559
SSC12443,33,0,0,0,0,0,4,37
SSC12444,353,22,7,0,0,0,0,382
SSC12445,193,13,6,0,0,0,0,212
SSC12446,18,3,0,0,0,0,3,24
SSC12447,62,8,5,0,0,0,0,75
SSC12448,28,4,0,0,0,0,0,32
SSC12449,201,10,9,0,0,0,0,220
SSC12450,41,0,0,0,0,0,0,41
SSC12451,14,0,3,3,0,0,3,23
SSC12452,61,4,4,0,0,0,0,69
SSC12453,246,22,18,0,4,0,19,309
SSC12454,13,0,3,0,0,0,0,16
SSC12455,24,3,3,0,0,0,0,30
SSC12456,62,8,12,3,0,0,3,88
SSC12457,509,43,20,3,0,3,4,582
SSC12458,181,13,3,3,0,0,0,200
SSC12459,1416,57,21,17,0,0,5,1516
SSC12460,20,0,5,0,0,0,0,25
SSC12461,117,8,3,3,0,0,3,134
SSC12462,60,3,3,0,0,0,0,66
SSC12463,311,31,23,5,0,3,3,376
SSC12464,435,49,25,6,0,0,3,518
SSC12465,459,33,31,3,0,3,0,529
SSC12466,129,7,10,0,0,0,5,151
SSC12467,341,19,15,6,0,0,3,384
SSC12468,188,26,18,8,0,0,0,240
SSC12469,295,33,24,6,0,0,3,361
SSC12470,73,3,3,3,0,0,0,82
SSC12471,68,3,0,3,0,0,0,74
SSC12472,1489,62,49,13,0,3,6,1622
SSC12473,277,33,22,11,0,0,4,347
SSC12474,130,6,3,0,0,0,4,143
SSC12475,2624,99,48,22,3,0,5,2801
SSC12476,816,38,4,3,0,0,0,861
SSC12477,1393,73,23,22,0,3,3,1517
SSC12478,319,35,30,3,0,4,4,395
SSC12479,161,15,12,0,0,0,3,191
SSC12480,463,27,17,0,0,0,0,507
SSC12481,259,20,26,3,0,3,0,311
SSC12482,246,22,25,5,0,0,3,301
SSC12483,693,39,11,6,0,0,0,749
SSC12484,1764,57,9,18,0,0,0,1848
SSC12485,321,40,31,8,0,0,9,409
SSC12486,860,38,17,16,3,3,3,940
SSC12487,440,42,32,10,0,7,11,542
SSC12488,27,3,4,0,0,0,0,34
SSC12489,0,0,0,0,0,0,0,0
SSC12490,4,0,0,0,0,0,0,4
SSC12491,101,5,0,0,0,0,0,106
SSC12492,320,16,13,3,0,0,3,355
SSC12493,45,3,4,0,0,0,0,52
SSC12494,32,4,7,0,0,0,0,43
SSC12495,19,3,0,0,0,0,0,22
SSC12496,17,4,0,0,0,0,0,21
SSC12497,53,5,3,0,0,0,4,65
SSC12498,350,20,19,8,0,0,0,397
SSC12499,55,3,3,6,0,3,3,73
SSC12500,44,3,0,4,0,0,0,51
SSC12501,1175,51,30,23,0,0,0,1279
SSC12502,23,3,4,0,0,0,0,30
SSC12503,60,4,0,0,0,0,3,67
SSC12504,160,17,19,9,0,0,4,209
SSC12505,783,39,14,0,0,0,0,836
SSC12506,298,15,4,0,0,0,0,317
SSC12507,31,0,0,4,0,0,0,35
SSC12508,74,4,3,0,0,0,0,81
SSC12509,23,4,0,0,0,0,0,27
SSC12510,256,16,22,3,0,3,0,300
SSC12511,171,25,16,8,3,0,5,228
SSC12512,197,22,9,0,0,0,0,228
SSC12513,99,7,3,0,0,0,0,109
SSC12514,22,7,3,0,0,0,0,32
SSC12515,65,6,3,0,0,0,0,74
SSC12516,29,7,3,0,0,0,3,42
SSC12517,260,17,20,3,0,0,3,303
SSC12518,129,30,10,3,0,0,0,172
SSC12519,203,9,15,0,0,0,3,230
SSC12520,29,0,3,0,0,3,0,35
SSC12521,37,5,0,0,0,0,0,42
SSC12522,426,29,27,9,0,4,3,498
SSC12523,19,3,0,0,0,0,0,22
SSC12524,858,76,46,4,0,0,3,987
SSC12525,1528,69,44,13,3,4,4,1665
SSC12526,28,0,0,0,0,0,0,28
SSC12527,45,0,4,0,0,0,0,49
SSC12528,8,3,0,0,0,0,0,11
SSC12529,18,3,3,0,0,0,0,24
SSC12530,18,0,3,0,0,0,0,21
SSC12531,169,12,3,0,0,0,0,184
SSC12532,31,3,0,0,0,0,0,34
SSC12533,245,12,17,4,0,0,0,278
SSC12534,912,83,37,8,0,0,7,1047
SSC12535,578,40,6,4,0,0,0,628
SSC12536,94,7,3,0,0,0,0,104
SSC12537,102,8,4,0,0,3,0,117
SSC12538,25,4,0,0,0,0,0,29
SSC12539,19,0,3,0,0,0,0,22
SSC12540,42,0,3,0,0,0,0,45
SSC12541,74,10,0,5,0,0,4,93
SSC12542,23,0,3,3,0,0,0,29
SSC12543,242,32,30,0,0,0,4,308
SSC12544,318,30,13,0,0,3,3,367
SSC12545,65,5,4,0,0,0,0,74
SSC12546,1096,30,20,16,3,0,4,1169
SSC12547,46,5,0,0,0,0,4,55
SSC12548,208,18,12,0,0,0,3,241
SSC12549,37,3,3,3,0,0,0,46
SSC12550,20,0,0,0,0,0,0,20
SSC12551,181,10,7,3,0,0,0,201
SSC12552,132,8,14,0,0,0,0,154
SSC12553,13,0,0,0,0,0,0,13
SSC12554,61,9,0,0,0,0,0,70
SSC12555,35,0,3,0,0,0,0,38
SSC12556,31,3,0,0,0,0,0,34
SSC12557,79,8,3,0,0,0,0,90
SSC12558,31,0,0,0,0,0,0,31
SSC12559,411,39,26,4,0,0,5,485
SSC12560,21,5,4,0,0,0,0,30
SSC12561,623,36,11,0,0,0,0,670
SSC12562,55,3,3,0,0,0,3,64
SSC12563,89,13,0,0,0,0,3,105
SSC12564,27,4,0,0,0,0,0,31
SSC12565,546,38,17,4,0,0,0,605
SSC12566,53,3,0,0,0,0,0,56
SSC12567,84,3,0,3,0,0,3,93
SSC12568,18,0,3,0,0,0,0,21
SSC12569,51,9,5,0,0,0,0,65
SSC12570,537,54,40,5,0,0,4,640
SSC12571,1262,99,55,5,0,0,3,1424
SSC12572,24,0,0,0,0,0,0,24
SSC12573,4,0,0,0,0,0,0,4
SSC12574,313,26,3,4,0,0,0,346
SSC12575,542,18,12,0,0,0,0,572
SSC12576,491,39,41,3,3,0,0,577
SSC12577,5,4,0,0,0,0,0,9
SSC12578,775,82,49,7,0,3,7,923
SSC12579,45,4,0,0,0,0,0,49
SSC12580,91,7,9,0,0,0,3,110
SSC12581,13,0,3,0,0,0,3,19
SSC12582,0,0,0,0,0,0,0,0
SSC12583,255,22,25,8,0,0,8,318
SSC12584,80,9,3,0,0,3,0,95
SSC12585,41,5,4,0,0,0,0,50
SSC12586,878,93,62,5,3,0,4,1045
SSC12587,239,24,32,0,0,0,5,300
SSC12588,47,3,3,0,0,0,0,53
SSC12589,202,19,22,7,0,0,3,253
SSC12590,61,5,3,0,0,0,0,69
SSC12591,1961,80,48,35,3,6,7,2140
SSC12592,378,35,20,0,0,0,4,437
SSC12593,49,0,7,0,0,3,0,59
SSC12594,86,6,3,0,0,0,0,95
SSC12595,45,3,3,0,0,0,0,51
SSC12596,24,0,4,0,0,3,0,31
SSC12597,52,3,4,0,0,0,0,59
SSC12598,126,6,4,3,0,0,0,139
SSC12599,22,5,4,0,0,0,0,31
SSC12600,0,0,0,0,0,0,0,0
SSC12601,109,12,7,0,0,0,0,128
SSC12602,489,21,6,6,0,0,0,522
SSC12603,39,6,3,0,0,0,3,51
SSC12604,35,7,0,0,0,0,0,42
SSC12605,41,0,0,0,0,0,0,41
SSC12606,16,0,3,0,0,0,0,19
SSC12607,22,5,3,0,0,0,0,30
SSC12608,642,52,43,6,0,3,0,746
SSC12609,66,0,4,0,0,0,0,70
SSC12610,63,0,0,0,0,0,5,68
SSC12611,28,0,0,3,0,0,0,31
SSC12612,137,10,3,0,0,0,3,153
SSC12613,57,3,0,0,0,0,0,60
SSC12614,170,11,10,4,0,0,0,195
SSC12615,130,7,4,4,0,0,0,145
SSC12616,31,3,3,3,0,0,0,40
SSC12617,66,0,0,0,0,0,0,66
SSC12618,114,21,9,0,0,0,0,144
SSC12619,25,3,3,0,0,0,0,31
SSC12620,33,0,0,0,0,0,3,36
SSC12621,118,5,5,0,0,0,0,128
SSC12622,47,6,3,0,0,0,3,59
SSC12623,915,79,62,12,0,3,4,1075
SSC12624,472,13,14,3,3,0,3,508
SSC12625,0,0,0,0,0,0,0,0
SSC12626,217,21,3,3,0,0,0,244
SSC19191,0,0,0,0,0,0,0,0
SSC19494,0,0,0,0,0,0,0,0
SSC19797,0,0,0,0,0,0,0,0
