region_id,P_85ov_DNPCC,P_85ov_UCC_NS,P_85ov_Total,P_Tot_CF_Own_CCO,P_Tot_CF_Oth_CCO,P_Tot_CF_Own_CC_Oth_CC,P_Tot_CF_Total,P_Tot_DNPCC,P_Tot_UCC_NS,P_Tot_Total
UCL101001,56347,12551,69767,630500,203365,22052,855917,2054494,250991,3161402
UCL102001,326,102,434,6227,2057,265,8549,18036,2025,28610
UCL102002,6697,2021,8778,47192,19507,2648,69347,151255,19248,239850
UCL102003,1693,522,2224,7607,3112,427,11146,31136,4147,46429
UCL102004,6449,1293,7821,48101,23160,2669,73930,162725,16562,253217
UCL103001,4236,781,5055,39275,18037,2140,59452,126146,13390,198988
UCL111001,885,159,1051,7060,2847,356,10263,23806,2735,36804
UCL111002,899,176,1084,12115,4813,634,17562,31425,3446,52433
UCL112001,487,74,567,4928,2046,295,7269,15197,2261,24727
UCL112002,511,134,653,4491,1757,320,6568,14843,2004,23415
UCL112003,429,59,488,3092,1453,159,4704,9416,1849,15969
UCL112004,997,349,1352,6914,2703,351,9968,24086,2914,36968
UCL112005,564,94,668,5281,2232,334,7847,15472,1701,25020
UCL112006,418,112,533,3350,1385,157,4892,10757,1762,17411
UCL112007,647,81,733,4055,1707,301,6063,14749,1395,22207
UCL112008,13,6,19,367,149,22,538,899,138,1575
UCL112009,558,148,712,4219,1747,246,6212,14098,1985,22295
UCL112010,640,105,748,5767,2169,330,8266,16736,2189,27191
UCL112011,1312,251,1575,5973,2469,380,8822,22984,2479,34285
UCL112012,694,171,870,5549,2323,290,8162,17756,2573,28491
UCL112013,822,173,1006,7491,2918,393,10802,23800,2329,36931
UCL113001,353,81,437,2648,1094,166,3908,10740,1428,16076
UCL113002,689,182,874,1919,975,116,3010,9419,1209,13638
UCL113003,393,64,461,1335,612,62,2009,6333,1030,9372
UCL113004,557,142,705,2880,1293,127,4300,10745,1124,16169
UCL113005,355,132,490,2516,1122,109,3747,9621,1735,15103
UCL113006,97,25,122,564,256,35,855,2353,301,3509
UCL113007,699,326,1031,2022,949,118,3089,11481,1705,16275
UCL113008,470,81,554,2384,1065,147,3596,8364,1310,13270
UCL113009,299,99,406,2757,997,95,3849,8350,1551,13750
UCL113010,290,41,331,1295,584,85,1964,4983,1167,8114
UCL113011,314,54,371,1896,1042,153,3091,6953,588,10632
UCL113012,192,40,232,2139,1000,113,3252,6102,816,10170
UCL113013,242,51,293,1590,729,106,2425,5886,805,9116
UCL113014,561,75,636,2371,1236,129,3736,9370,869,13975
UCL113015,88,25,113,2012,690,85,2787,4905,727,8419
UCL113016,251,42,296,1611,747,93,2451,6015,723,9189
UCL113017,235,46,290,1521,573,101,2195,4805,770,7770
UCL113018,190,44,237,2084,944,133,3161,6378,760,10299
UCL113019,195,20,218,2562,853,131,3546,6555,716,10817
UCL113020,628,119,753,2433,1048,156,3637,9539,1226,14402
UCL113021,279,77,359,1591,658,65,2314,7041,783,10138
UCL114001,300,126,432,665,380,38,1083,4625,607,6315
UCL114002,265,86,354,1297,582,62,1941,4864,786,7591
UCL114003,191,26,220,933,326,51,1310,3363,448,5121
UCL114004,154,26,180,723,418,48,1189,2987,391,4567
UCL114005,120,81,207,787,320,43,1150,2897,419,4466
UCL114006,234,35,269,1089,440,66,1595,4200,745,6540
UCL114007,152,46,201,915,386,31,1332,3374,518,5224
UCL114008,112,35,147,942,391,40,1373,3556,433,5362
UCL114009,154,22,176,689,300,43,1032,2792,352,4176
UCL114010,157,82,239,1145,476,79,1700,3930,638,6268
UCL114011,33,11,47,1236,306,72,1614,2461,260,4335
UCL114012,174,122,299,1353,550,92,1995,4624,736,7355
UCL114013,119,36,159,977,423,33,1433,3206,543,5182
UCL114014,47,10,60,1118,353,68,1539,2740,226,4505
UCL114015,23,8,31,1774,525,94,2393,3533,305,6231
UCL114016,198,73,274,810,378,30,1218,4256,470,5944
UCL114017,112,18,130,1092,376,64,1532,3617,885,6034
UCL114018,96,18,114,1146,450,64,1660,3809,349,5818
UCL114019,221,55,276,1585,498,80,2163,4843,706,7712
UCL114020,331,70,404,1347,492,63,1902,4347,534,6783
UCL114021,264,57,321,676,326,18,1020,3770,474,5264
UCL114022,119,22,141,892,365,59,1316,2871,416,4603
UCL114023,101,17,118,1137,321,59,1517,2565,236,4318
UCL114024,164,28,192,621,363,48,1032,2859,405,4296
UCL114025,135,16,151,875,309,54,1238,2498,296,4032
UCL114026,174,43,217,1321,527,64,1912,4897,633,7442
UCL114027,71,13,84,913,390,49,1352,2679,267,4298
UCL114028,150,36,189,946,352,50,1348,3076,413,4837
UCL114029,125,93,224,1019,393,61,1473,3009,454,4936
UCL114030,166,50,216,691,311,31,1033,3720,425,5178
UCL114031,34,8,42,250,116,13,379,1115,125,1619
UCL114032,116,51,167,937,358,57,1352,2677,370,4399
UCL114033,223,48,271,1052,420,58,1530,3424,478,5432
UCL115001,17,0,17,326,144,17,487,857,80,1424
UCL115002,288,23,311,722,308,44,1074,2848,198,4120
UCL115003,20,3,23,508,203,31,742,1339,143,2224
UCL115004,12,0,12,282,108,24,414,618,61,1093
UCL115005,30,5,35,198,94,8,300,862,116,1278
UCL115006,22,8,30,152,60,8,220,608,127,955
UCL115007,49,5,54,338,62,23,423,690,57,1170
UCL115008,22,6,31,530,199,32,761,1420,168,2349
UCL115009,58,16,74,127,60,9,196,695,90,981
UCL115010,17,0,17,245,104,9,358,784,73,1215
UCL115011,38,9,47,118,50,6,174,697,108,979
UCL115012,36,3,42,209,66,17,292,751,81,1124
UCL115013,27,3,30,130,45,3,178,606,58,842
UCL115014,98,46,144,599,224,47,870,2099,334,3303
UCL115015,103,13,116,550,183,56,789,1434,102,2325
UCL115016,42,7,49,173,74,13,260,892,85,1237
UCL115017,72,10,82,237,125,14,376,977,77,1430
UCL115018,55,10,65,116,50,6,172,692,84,948
UCL115019,68,15,83,550,240,55,845,2226,534,3605
UCL115020,52,8,60,494,155,21,670,1369,160,2199
UCL115021,9,6,15,212,80,5,297,535,99,931
UCL115022,42,13,55,187,61,3,251,654,73,978
UCL115023,29,5,34,454,146,22,622,1372,115,2109
UCL115024,36,7,43,154,62,12,228,693,65,986
UCL115025,7,3,13,257,98,20,375,869,293,1537
UCL115026,8,3,11,288,75,21,384,578,45,1007
UCL115027,20,6,26,137,56,9,202,578,73,853
UCL115028,35,6,41,201,67,6,274,567,83,924
UCL115029,18,3,21,555,196,39,790,1112,113,2015
UCL115030,66,14,83,287,115,31,433,1031,122,1586
UCL115031,48,12,63,195,90,26,311,776,150,1237
UCL115032,32,24,56,153,60,0,213,618,110,941
UCL115033,82,4,86,321,141,20,482,1452,104,2038
UCL115034,25,6,35,311,170,36,517,902,120,1539
UCL115035,22,7,29,594,132,27,753,1182,100,2035
UCL115036,0,3,3,343,87,17,447,640,74,1161
UCL115037,102,33,135,630,276,35,941,2965,463,4369
UCL115038,35,11,49,436,138,26,600,1543,243,2386
UCL115039,7,3,10,247,68,17,332,541,47,920
UCL115040,33,5,38,185,87,18,290,809,72,1171
UCL115041,44,8,52,628,193,30,851,1811,304,2966
UCL115042,7,0,7,284,87,20,391,601,53,1045
UCL115043,53,13,66,394,174,16,584,1393,173,2150
UCL115044,55,12,67,248,107,21,376,782,96,1254
UCL115045,97,22,122,308,147,20,475,1380,240,2095
UCL115046,42,10,55,307,111,12,430,1284,201,1915
UCL115047,38,6,44,173,65,13,251,578,97,926
UCL115048,4,0,4,224,49,14,287,546,65,898
UCL115049,60,12,72,229,126,16,371,1185,137,1693
UCL115050,111,16,127,364,197,20,581,2027,237,2845
UCL115051,33,6,39,166,76,12,254,519,107,880
UCL115052,131,53,184,215,97,5,317,1147,207,1671
UCL115053,32,3,35,208,87,21,316,699,85,1100
UCL115054,43,9,52,157,70,20,247,560,61,868
UCL115055,7,0,7,195,61,9,265,531,37,833
UCL115056,80,9,89,279,163,23,465,1164,128,1757
UCL115057,72,11,83,390,172,21,583,1736,185,2504
UCL115058,49,6,55,337,110,12,459,1467,107,2033
UCL115059,65,20,88,360,144,17,521,1577,175,2273
UCL115060,68,42,110,132,84,0,216,899,213,1328
UCL115061,47,54,104,227,108,15,350,1019,231,1600
UCL115062,6,0,6,360,85,28,473,1169,92,1734
UCL115063,53,3,56,166,68,18,252,518,63,833
UCL115064,7,3,10,232,97,13,342,528,61,931
UCL115065,9,6,18,208,74,10,292,532,40,864
UCL115066,170,29,199,622,263,64,949,2111,148,3208
UCL115067,70,28,98,348,166,17,531,1391,208,2130
UCL115068,9,5,14,503,165,33,701,1198,82,1981
UCL115069,91,18,109,299,131,15,445,1392,132,1969
UCL115070,27,7,34,122,73,6,201,739,117,1057
UCL115071,71,17,88,269,126,16,411,1107,135,1653
UCL115072,21,0,21,511,147,16,674,1057,116,1847
UCL115073,37,11,48,315,105,18,438,899,120,1457
UCL115074,7,0,7,200,70,12,282,713,46,1041
UCL115075,50,14,64,248,116,14,378,1029,144,1551
UCL115076,60,11,71,259,116,10,385,1003,177,1565
UCL115077,50,10,60,246,76,13,335,1105,126,1566
UCL115078,46,10,56,215,117,8,340,1449,170,1959
UCL115079,45,9,57,115,80,12,207,689,85,981
UCL115080,52,7,59,332,118,13,463,1225,157,1845
UCL115081,8,3,11,385,150,17,552,711,49,1312
UCL115082,11,4,15,417,109,27,553,873,146,1572
UCL115083,44,10,54,168,66,15,249,674,108,1031
UCL115084,41,8,49,359,128,25,512,1246,116,1874
UCL115085,47,17,67,161,87,14,262,1088,124,1474
UCL115086,4,0,4,240,61,18,319,860,227,1406
UCL115087,16,3,19,211,56,11,278,482,26,786
UCL115088,23,7,30,147,108,6,261,692,48,1001
UCL115089,57,24,81,569,251,23,843,1721,1021,3585
UCL115090,33,7,40,192,42,6,240,725,68,1033
UCL115091,11,3,14,126,65,0,191,624,91,906
UCL115092,57,7,64,269,109,10,388,736,93,1217
UCL115093,26,4,30,165,63,14,242,621,44,907
UCL115094,106,23,129,383,211,31,625,1428,164,2217
UCL115095,44,4,48,146,79,13,238,578,102,918
UCL115096,44,7,51,482,151,36,669,1438,130,2237
UCL115097,32,3,35,358,195,26,579,1408,93,2080
UCL115098,14,8,22,169,62,17,248,760,163,1171
UCL115099,139,27,166,338,159,29,526,1495,227,2248
UCL115100,141,14,155,320,185,26,531,1509,148,2188
UCL115101,38,4,42,252,99,17,368,1231,116,1715
UCL115102,52,10,62,274,111,13,398,1140,152,1690
UCL115103,74,49,123,141,70,8,219,646,160,1025
UCL115104,41,10,54,268,93,16,377,802,71,1250
UCL115105,79,10,89,322,142,28,492,1408,156,2056
UCL115106,86,14,103,553,173,64,790,1547,166,2503
UCL115107,0,0,0,332,61,14,407,651,69,1127
UCL115108,52,23,75,249,132,15,396,1477,225,2098
UCL115109,114,18,135,499,273,26,798,1915,343,3056
UCL115110,49,8,60,538,246,42,826,1787,250,2863
UCL115111,39,3,42,332,121,13,466,950,163,1579
UCL115112,46,4,50,408,166,13,587,1185,133,1905
UCL115113,52,8,60,723,238,47,1008,2053,185,3246
UCL115114,87,23,110,513,206,26,745,1994,223,2962
UCL115115,29,9,38,588,171,20,779,1548,129,2456
UCL115116,22,18,40,241,95,15,351,1002,125,1478
UCL115117,85,10,95,342,129,20,491,1415,158,2064
UCL115118,30,0,30,640,290,20,950,1808,160,2918
UCL115119,8,0,8,286,73,15,374,569,56,999
UCL115120,30,10,43,621,169,46,836,1796,159,2791
UCL115121,82,100,182,184,104,23,311,928,358,1597
UCL115122,70,27,97,351,163,23,537,1791,242,2570
UCL115123,27,7,34,830,222,44,1096,2021,193,3310
UCL115124,6,0,6,191,50,13,254,588,26,868
UCL115125,9,0,9,179,77,17,273,524,47,844
UCL115126,14,0,14,393,107,32,532,845,72,1449
UCL115127,145,33,178,557,211,30,798,2969,303,4070
UCL115128,11,10,21,256,104,32,392,633,65,1090
UCL115129,46,0,46,591,177,51,819,1731,272,2822
UCL115130,158,29,187,262,160,18,440,2138,264,2842
UCL115131,41,19,60,683,298,43,1024,1988,228,3240
UCL115132,78,14,92,559,248,29,836,1965,198,2999
UCL115133,34,8,42,210,91,15,316,879,99,1294
UCL115134,56,6,62,216,127,12,355,1348,130,1833
UCL115135,117,25,145,494,260,29,783,2176,228,3187
UCL115136,90,14,104,359,174,10,543,1679,210,2432
UCL115137,9,0,9,347,118,20,485,703,72,1260
UCL115138,55,19,74,492,178,20,690,1273,201,2164
UCL115139,55,15,70,239,113,5,357,1295,192,1844
UCL115140,55,8,63,200,63,18,281,771,101,1153
UCL115141,45,0,45,230,143,9,382,1387,119,1888
UCL115142,36,17,53,352,155,13,520,1223,163,1906
UCL115143,62,8,73,273,130,20,423,1594,141,2158
UCL115144,22,7,29,139,57,16,212,733,78,1023
UCL115145,64,28,92,338,159,21,518,1542,307,2367
UCL115146,55,10,65,183,60,7,250,889,78,1217
UCL115147,13,3,19,234,86,12,332,661,200,1193
UCL115148,16,3,19,184,69,6,259,551,43,853
UCL115149,11,3,14,329,106,15,450,855,118,1423
UCL115150,41,4,45,154,68,11,233,629,69,931
UCL115151,31,3,34,174,99,10,283,819,106,1208
UCL115152,26,0,26,250,95,24,369,767,130,1266
UCL115153,113,9,128,573,265,18,856,2365,351,3572
UCL115154,29,25,54,126,62,6,194,690,156,1040
UCL115155,29,0,29,171,79,9,259,834,85,1178
UCL115156,92,19,111,378,151,22,551,1404,155,2110
UCL115157,19,3,22,358,137,19,514,976,120,1610
UCL115158,112,25,137,667,242,31,940,2397,258,3595
UCL115159,23,5,28,361,130,15,506,1046,106,1658
UCL115160,137,28,165,633,266,28,927,2665,305,3897
UCL115161,18,62,80,254,115,6,375,744,147,1266
UCL115162,10,0,10,178,61,9,248,558,56,862
UCL115163,7,6,16,171,59,7,237,468,70,775
UCL121001,13,0,13,156,52,7,215,420,48,683
UCL121002,19,3,22,109,26,7,142,393,68,603
UCL121003,13,4,17,76,33,3,112,375,24,511
UCL121004,8,0,8,86,42,4,132,305,17,454
UCL121005,3,3,6,75,57,0,132,278,41,451
UCL121006,19,3,22,49,33,3,85,367,21,473
UCL121007,19,0,22,160,36,6,202,462,41,705
UCL121008,25,21,46,104,59,12,175,518,67,760
UCL121009,0,4,4,95,58,34,187,221,23,431
UCL121010,17,3,20,136,34,8,178,419,62,659
UCL121011,0,3,3,147,85,6,238,427,26,691
UCL121012,6,3,9,118,30,3,151,466,63,680
UCL121013,7,0,7,122,44,17,183,375,41,599
UCL121014,0,0,0,88,18,6,112,291,38,441
UCL121015,8,3,11,178,73,0,251,596,96,943
UCL121016,6,0,6,156,57,9,222,406,39,667
UCL121017,3,0,3,113,58,0,171,344,12,527
UCL121018,0,3,3,125,44,6,175,231,14,420
UCL121019,11,3,14,121,44,3,168,339,23,530
UCL121020,18,0,18,99,43,12,154,305,23,482
UCL121021,29,0,29,135,43,4,182,397,32,611
UCL121022,6,0,6,100,32,9,141,249,21,411
UCL121023,0,3,3,120,26,3,149,242,17,408
UCL121024,21,0,21,119,46,7,172,588,84,844
UCL121025,3,0,3,87,51,5,143,242,26,411
UCL121026,0,0,0,182,48,6,236,388,17,641
UCL121027,0,4,4,68,34,0,102,369,28,499
UCL121028,6,0,6,87,21,0,108,295,51,454
UCL121029,10,3,13,59,28,0,87,299,37,423
UCL121030,0,0,0,144,46,0,190,499,102,791
UCL121031,4,0,4,134,45,13,192,459,43,694
UCL121032,29,4,33,66,53,9,128,436,82,646
UCL121033,6,7,13,101,19,0,120,191,113,424
UCL121034,4,0,4,158,36,12,206,364,21,591
UCL121035,4,0,4,153,42,7,202,435,20,657
UCL121036,6,3,9,88,44,3,135,386,39,560
UCL121037,20,3,23,60,26,0,86,320,40,446
UCL121038,4,3,7,88,44,3,135,266,36,437
UCL121039,0,0,0,119,20,9,148,250,39,437
UCL121040,10,3,13,80,48,6,134,309,34,477
UCL121041,21,3,24,231,101,8,340,697,70,1107
UCL121042,7,0,7,145,17,7,169,298,34,501
UCL121043,5,0,5,102,27,0,129,313,37,479
UCL121044,11,4,15,116,55,0,171,413,30,614
UCL121045,6,0,6,105,27,6,138,257,17,412
UCL121046,11,6,17,36,36,4,76,406,59,541
UCL121047,47,3,53,105,62,7,174,493,53,720
UCL121048,19,4,23,121,65,11,197,573,59,829
UCL121049,20,3,23,76,46,6,128,484,42,654
UCL121050,11,0,11,151,82,6,239,459,32,730
UCL121051,24,0,24,105,46,4,155,415,74,644
UCL121052,0,0,0,163,55,0,218,298,61,577
UCL121053,0,3,3,103,39,3,145,343,35,523
UCL121054,12,3,15,135,50,9,194,405,45,644
UCL121055,18,4,22,65,33,15,113,456,54,623
UCL121056,0,0,0,124,37,10,171,353,19,543
UCL121057,11,0,11,226,67,13,306,686,65,1057
UCL121058,10,0,10,92,25,3,120,303,10,433
UCL121059,8,0,8,157,70,3,230,427,48,705
UCL121060,4,0,4,129,51,6,186,323,13,522
UCL121061,6,0,6,164,43,14,221,418,55,694
UCL121062,8,0,8,105,36,0,141,316,17,474
UCL121063,12,5,17,79,38,4,121,454,52,627
UCL121064,51,6,57,93,50,6,149,468,53,670
UCL121065,7,0,7,209,76,0,285,710,119,1114
UCL121066,0,0,0,137,25,0,162,192,4,358
UCL121067,6,0,6,90,37,6,133,285,11,429
UCL121068,3,0,3,94,43,9,146,255,48,449
UCL121069,12,0,12,79,34,7,120,385,40,545
UCL121070,0,3,3,79,38,3,120,276,38,434
UCL121071,37,0,37,77,37,0,114,297,15,426
UCL121072,24,7,31,130,46,4,180,497,89,766
UCL121073,3,0,3,117,30,4,151,250,31,432
UCL121074,5,0,5,137,39,6,182,296,73,551
UCL121075,0,3,3,131,49,9,189,294,30,513
UCL121076,0,0,0,69,25,4,98,303,30,431
UCL121077,6,0,9,117,30,7,154,235,24,413
UCL121078,8,0,8,77,27,3,107,309,26,442
UCL121079,3,0,3,101,31,6,138,260,9,407
UCL121080,10,0,10,128,64,9,201,512,46,759
UCL121081,8,0,8,147,55,6,208,576,49,833
UCL121082,9,3,12,118,50,14,182,447,52,681
UCL121083,8,0,8,141,52,4,197,330,19,546
UCL121084,31,6,37,101,35,4,140,498,78,716
UCL121085,6,3,9,114,29,6,149,295,23,467
UCL121086,4,0,4,118,46,0,164,212,23,399
UCL121087,7,6,13,121,75,12,208,445,36,689
UCL121088,3,0,3,111,21,7,139,213,27,379
UCL121089,3,3,6,143,54,8,205,407,41,653
UCL121090,9,0,9,99,41,6,146,382,26,554
UCL121091,3,0,3,214,56,15,285,464,62,811
UCL121092,73,22,95,169,70,12,251,693,134,1078
UCL121093,46,10,56,139,51,3,193,460,58,711
UCL121094,17,0,17,106,44,4,154,364,26,544
UCL121095,6,3,9,161,46,16,223,350,53,626
UCL121096,17,0,17,93,45,3,141,414,56,611
UCL121097,10,0,10,237,82,16,335,542,37,914
UCL121098,4,0,4,98,45,12,155,312,39,506
UCL121099,4,0,4,128,70,9,207,449,19,675
UCL121100,15,6,21,89,29,3,121,366,38,525
UCL121101,12,0,12,113,42,9,164,461,22,647
UCL121102,10,0,10,172,75,13,260,563,70,893
UCL121103,8,6,14,107,48,8,163,483,44,690
UCL121104,26,3,29,129,56,5,190,511,83,784
UCL121105,22,0,22,96,39,13,148,374,35,557
UCL121106,21,6,27,60,25,6,91,437,47,575
UCL121107,3,0,3,69,28,6,103,331,33,467
UCL121108,19,5,24,117,74,6,197,474,38,709
UCL121109,9,0,9,65,31,6,102,258,17,377
UCL121110,0,4,4,130,33,14,177,341,49,567
UCL121111,18,4,22,101,37,9,147,538,76,761
UCL121112,12,3,15,143,67,6,216,385,33,634
UCL121113,14,11,25,100,44,6,150,430,68,648
UCL121114,3,0,3,138,42,4,184,331,29,544
UCL121115,8,0,8,90,26,3,119,266,36,421
UCL121116,0,0,0,92,29,9,130,284,21,435
UCL121117,9,3,12,45,33,6,84,342,36,462
UCL121118,3,0,3,220,58,11,289,380,31,700
UCL121119,6,0,6,132,45,0,177,299,18,494
UCL121120,12,0,12,157,57,11,225,446,25,696
UCL121121,4,0,4,100,45,10,155,276,8,439
UCL121122,0,0,0,211,57,10,278,392,29,699
UCL121123,0,0,0,100,43,3,146,173,48,367
UCL121124,15,3,18,106,41,10,157,301,36,494
UCL121125,12,0,12,91,37,6,134,461,33,628
UCL121126,0,0,0,110,41,9,160,264,13,437
UCL121127,4,0,4,82,47,0,129,273,24,426
UCL121128,5,3,8,66,25,6,97,258,39,394
UCL121129,0,0,0,136,35,6,177,285,32,494
UCL121130,3,3,6,222,49,7,278,460,56,794
UCL122001,3,0,3,28,6,0,34,154,9,197
UCL122002,0,0,0,82,20,0,102,158,15,275
UCL122003,8,0,8,37,17,7,61,226,17,304
UCL122004,10,0,10,38,8,3,49,148,23,220
UCL122005,10,3,13,61,28,3,92,268,35,395
UCL122006,3,0,3,63,18,0,81,157,21,259
UCL122007,3,3,6,59,16,5,80,152,29,261
UCL122008,4,0,4,69,15,7,91,162,15,268
UCL122009,0,0,0,59,19,0,78,170,5,253
UCL122010,8,0,8,48,24,3,75,171,11,257
UCL122011,0,0,0,25,13,0,38,115,17,170
UCL122012,3,0,3,55,14,3,72,148,12,232
UCL122013,6,0,6,48,10,0,58,158,24,240
UCL122014,0,3,3,29,13,0,42,95,73,210
UCL122015,0,0,0,43,29,6,78,104,14,196
UCL122016,6,0,6,50,18,3,71,148,21,240
UCL122017,11,0,11,64,23,3,90,234,29,353
UCL122018,5,0,5,36,22,0,58,157,23,238
UCL122019,0,6,6,33,10,0,43,172,22,237
UCL122020,0,0,0,40,7,0,47,113,4,164
UCL122021,13,0,13,54,18,3,75,228,5,308
UCL122022,0,0,0,54,24,0,78,250,7,335
UCL122023,6,0,6,60,29,0,89,246,28,363
UCL122024,3,0,3,49,18,0,67,149,3,219
UCL122025,6,0,6,70,19,3,92,246,22,360
UCL122026,0,0,0,46,25,0,71,109,24,204
UCL122027,0,0,0,20,17,3,40,123,13,176
UCL122028,15,0,21,58,23,3,84,215,20,319
UCL122029,0,0,0,41,16,0,57,134,12,203
UCL122030,3,0,3,74,35,9,118,183,14,315
UCL122031,3,0,3,64,14,0,78,87,3,168
UCL122032,3,0,3,78,24,6,108,208,34,350
UCL122033,13,0,13,32,13,0,45,132,12,189
UCL122034,3,0,3,50,11,4,65,101,14,180
UCL122035,0,0,0,44,18,0,62,92,3,157
UCL122036,11,0,11,58,25,9,92,196,28,316
UCL122037,6,6,12,44,27,0,71,213,18,302
UCL122038,10,3,13,56,19,4,79,175,22,276
UCL122039,6,3,9,32,23,0,55,278,50,383
UCL122040,6,3,9,43,15,3,61,153,30,244
UCL122041,3,0,3,51,22,6,79,214,18,311
UCL122042,0,0,0,47,16,0,63,150,8,221
UCL122043,0,0,0,56,12,3,71,181,8,260
UCL122044,3,0,3,42,11,0,53,141,21,215
UCL122045,16,0,16,57,22,0,79,270,39,388
UCL122046,0,0,0,38,23,3,64,158,6,228
UCL122047,0,0,0,46,12,0,58,179,20,257
UCL122048,9,0,9,38,17,0,55,156,18,229
UCL122049,0,0,0,40,15,0,55,158,20,233
UCL122050,3,3,6,64,15,6,85,187,18,290
UCL122051,0,4,4,38,6,3,47,126,13,186
UCL122052,11,0,11,22,16,0,38,204,33,275
UCL122053,0,3,3,72,28,3,103,200,36,339
UCL122054,0,3,3,83,24,6,113,238,28,379
UCL122055,0,0,0,53,20,3,76,140,20,236
UCL122056,3,0,3,51,19,3,73,150,6,229
UCL122057,7,0,7,61,18,3,82,222,33,337
UCL122058,11,3,14,56,39,3,98,306,30,434
UCL122059,3,3,6,73,34,4,111,206,32,349
UCL122060,6,0,6,58,10,0,68,219,32,319
UCL122061,6,0,6,85,8,0,93,240,24,357
UCL122062,0,0,0,27,13,0,40,115,3,158
UCL122063,0,0,0,43,18,3,64,149,10,223
UCL122064,9,0,9,40,18,7,65,176,18,259
UCL122065,5,0,5,38,15,0,53,203,27,283
UCL122066,0,0,0,107,19,9,135,132,12,279
UCL122067,0,3,3,89,22,7,118,245,39,402
UCL122068,9,0,9,70,18,0,88,179,9,276
UCL122069,5,0,5,42,18,3,63,208,22,293
UCL122070,3,0,3,60,28,4,92,135,15,242
UCL122071,8,0,8,79,21,3,103,212,30,345
UCL122072,0,0,0,26,15,0,41,77,47,165
UCL122073,4,0,4,41,18,12,71,147,24,242
UCL122074,6,3,9,25,9,0,34,153,10,197
UCL122075,5,3,8,17,17,0,34,136,15,185
UCL122076,4,0,4,53,15,3,71,169,21,261
UCL122077,0,0,0,37,6,0,43,145,18,206
UCL122078,0,0,0,38,17,3,58,136,22,216
UCL122079,9,3,12,31,28,0,59,280,11,350
UCL122080,0,0,0,54,11,6,71,95,0,166
UCL122081,4,0,4,45,28,3,76,191,21,288
UCL122082,11,3,14,40,15,4,59,188,21,268
UCL122083,4,0,4,21,16,0,37,158,18,213
UCL122084,3,0,3,52,15,0,67,151,0,218
UCL122085,8,0,8,79,30,0,109,255,23,387
UCL122086,8,0,8,52,14,0,66,224,11,301
UCL122087,4,0,4,60,33,0,93,211,20,324
UCL122088,0,3,3,28,12,3,43,118,24,185
UCL122089,7,0,7,60,18,0,78,190,24,292
UCL122090,4,0,4,58,32,3,93,244,27,364
UCL122091,3,3,6,19,3,0,22,140,19,181
UCL122092,3,0,3,58,21,0,79,139,0,218
UCL122093,8,0,8,35,25,0,60,124,17,201
UCL122094,8,0,8,38,16,3,57,161,12,230
UCL122095,3,3,6,43,21,0,64,259,48,371
UCL122096,0,0,0,36,19,7,62,131,19,212
UCL122097,3,0,3,58,12,4,74,171,15,260
UCL122098,3,0,3,63,28,3,94,224,26,344
UCL122099,4,0,4,50,10,0,60,184,32,276
UCL122100,4,0,4,63,35,0,98,174,12,284
UCL122101,4,0,4,67,12,3,82,213,43,338
UCL122102,11,3,14,47,26,0,73,191,18,282
UCL122103,3,0,3,40,24,6,70,102,6,178
UCL122104,8,3,11,42,49,0,91,245,30,366
UCL122105,3,3,6,43,14,0,57,137,20,214
UCL122106,0,3,6,45,17,0,62,104,19,185
UCL122107,5,6,11,48,30,3,81,241,66,388
UCL122108,6,0,6,36,3,3,42,128,3,173
UCL122109,5,4,9,54,43,0,97,238,33,368
UCL122110,9,0,9,78,20,3,101,174,16,291
UCL122111,6,0,6,29,9,4,42,165,18,225
UCL122112,3,6,9,27,11,3,41,137,18,196
UCL122113,0,3,3,74,33,4,111,232,16,359
UCL122114,0,0,0,65,21,3,89,122,12,223
UCL122115,0,0,0,22,22,0,44,157,15,216
UCL122116,3,0,3,67,16,6,89,197,11,297
UCL122117,8,0,8,14,13,3,30,130,16,176
UCL122118,0,0,0,16,3,0,19,84,15,118
UCL122119,14,3,17,87,40,0,127,195,21,343
UCL122120,0,0,0,74,21,0,95,128,17,240
UCL122121,0,0,0,27,10,0,37,154,15,206
UCL122122,6,0,6,94,31,4,129,232,24,385
UCL122123,0,0,0,34,4,0,38,118,13,169
UCL122124,3,0,3,56,26,4,86,234,10,330
UCL122125,5,0,5,25,12,6,43,199,21,263
UCL122126,0,0,0,32,18,6,56,142,12,210
UCL122127,3,0,3,45,34,3,82,179,24,285
UCL122128,6,0,6,78,35,3,116,176,25,317
UCL122129,3,0,3,70,20,0,90,124,15,229
UCL122130,4,0,4,44,12,0,56,149,21,226
UCL122131,3,0,3,76,19,3,98,200,27,325
UCL122132,3,3,6,53,20,0,73,110,22,205
UCL122133,3,3,9,101,28,6,135,215,15,365
UCL122134,0,0,0,36,9,0,45,126,18,189
UCL122135,0,0,0,48,11,0,59,102,4,165
UCL122136,3,0,3,18,12,0,30,143,0,173
UCL122137,3,0,3,56,18,0,74,166,41,281
UCL122138,18,0,18,48,14,0,62,132,24,218
UCL122139,7,0,7,26,18,6,50,112,21,183
UCL122140,0,0,0,31,19,3,53,149,8,210
UCL122141,4,3,7,29,18,6,53,109,21,183
UCL122142,0,3,3,39,15,0,54,136,185,375
UCL122143,6,0,6,80,25,3,108,247,22,377
UCL122144,6,0,6,29,15,0,44,177,27,248
UCL122145,3,0,3,49,20,6,75,162,18,255
UCL122146,0,0,0,35,31,12,78,59,3,140
UCL122147,22,0,22,34,9,0,43,199,24,266
UCL122148,12,0,12,58,23,0,81,212,27,320
UCL122149,0,0,0,38,17,0,55,156,25,236
UCL122150,12,8,20,28,14,0,42,114,17,173
UCL122151,0,0,0,76,28,3,107,164,28,299
UCL122152,3,3,6,38,9,3,50,120,15,185
UCL122153,0,0,0,40,10,3,53,99,24,176
UCL122154,17,0,17,48,17,9,74,258,32,364
UCL122155,8,0,8,48,24,0,72,158,27,257
UCL122156,9,3,15,28,17,3,48,193,18,259
UCL122157,0,9,9,23,9,3,35,128,27,190
UCL122158,3,0,3,27,8,0,35,141,15,191
UCL122159,3,0,3,88,50,5,143,213,11,367
UCL122160,0,0,0,69,20,6,95,174,27,296
UCL122161,3,0,3,63,28,3,94,167,30,291
UCL122162,0,0,3,71,25,6,102,153,33,288
UCL122163,3,6,9,33,18,3,54,178,24,256
UCL122164,7,3,10,29,20,3,52,172,15,239
UCL122165,9,0,9,63,20,0,83,306,23,412
UCL122166,3,0,3,68,24,6,98,206,30,334
UCL122167,0,4,4,78,30,3,111,198,23,332
UCL122168,0,0,0,109,25,5,139,176,3,318
UCL122169,18,0,18,33,13,0,46,169,18,233
UCL131777,4414,844,5352,82814,32598,3856,119268,265869,31366,416503
UCL179997,0,0,0,6,0,0,6,89,15,110
UCL199994,69,52,121,1113,552,42,1707,7209,2821,11737
