region_id,C11_75_79_N_mar_M,C11_75_79_N_mar_F,C11_75_79_T_M,C11_75_79_T_F,C11_75_79_T_P,C11_80_84_Mar_RegM_M,C11_80_84_Mar_RegM_F,C11_80_84_Mar_DFM_M,C11_80_84_Mar_DFM_F,C11_80_84_N_mar_M,C11_80_84_N_mar_F,C11_80_84_T_M,C11_80_84_T_F,C11_80_84_T_P,C11_85o_Mar_RegM_M,C11_85o_Mar_RegM_F,C11_85o_Mar_DFM_M,C11_85o_Mar_DFM_F,C11_85o_N_mar_M,C11_85o_N_mar_F,C11_85o_T_M,C11_85o_T_F,C11_85o_T_P,C11_T_Marr_reg_marr_M,C11_T_Marr_reg_marr_F,C11_T_Mar_de_fa_mar_M,C11_T_Mar_de_fa_mar_F,C11_Tot_N_mar_M,C11_Tot_N_mar_F,C11_Tot_T_M,C11_Tot_T_F,C11_Tot_T_P
101,768,1496,2744,2901,5645,1253,753,31,16,609,1493,1893,2262,4155,596,306,7,6,511,1461,1114,1773,2887,37772,38307,7760,7957,26715,29077,72247,75341,147588
102,1153,2964,4399,5497,9896,2309,1565,54,38,1156,3009,3519,4612,8131,1353,716,19,17,1079,3168,2451,3901,6352,54582,55374,10263,10625,43041,53823,107886,119822,227708
103,760,1481,2595,2898,5493,1166,711,16,11,602,1495,1784,2217,4001,538,275,3,3,416,1452,957,1730,2687,34188,34718,6773,6972,25742,28116,66703,69806,136509
104,510,1046,2029,2198,4227,970,568,30,18,414,1008,1414,1594,3008,503,233,9,3,379,1100,891,1336,2227,22966,23328,4732,4943,17508,20790,45206,49061,94267
105,478,906,1425,1615,3040,653,390,19,5,372,830,1044,1225,2269,272,121,8,3,244,723,524,847,1371,17755,18213,4285,4459,15499,17037,37539,39709,77248
106,672,1593,2795,3175,5970,1258,778,31,19,556,1620,1845,2417,4262,618,291,18,6,477,1549,1113,1846,2959,43964,44809,8946,9215,31369,34580,84279,88604,172883
107,830,2163,3618,4259,7877,1832,1144,25,21,749,2189,2606,3354,5960,935,450,16,5,674,2061,1625,2516,4141,50941,51706,8028,8305,40391,44901,99360,104912,204272
108,1007,1959,3909,4178,8087,1965,1287,57,29,857,2039,2879,3355,6234,1063,491,25,15,790,2109,1878,2615,4493,37071,37633,6755,6939,26275,31961,70101,76533,146634
109,397,856,1519,1724,3243,790,467,12,9,398,840,1200,1316,2516,370,172,4,4,291,843,665,1019,1684,19947,20294,3672,3785,14701,16160,38320,40239,78559
110,634,1375,2352,2528,4880,977,581,13,10,469,1432,1459,2023,3482,479,211,7,4,380,1333,866,1548,2414,30323,30818,6069,6287,22596,25942,58988,63047,122035
111,1085,2819,4359,5354,9713,2239,1611,36,23,1104,2997,3379,4631,8010,1337,654,20,7,983,3015,2340,3676,6016,60212,61305,11769,12208,50614,58078,122595,131591,254186
112,894,2058,3421,4107,7528,1900,1180,44,28,789,2100,2733,3308,6041,1012,479,27,10,784,2200,1823,2689,4512,38162,38895,8693,9043,32222,38725,79077,86663,165740
113,482,1053,1831,2058,3889,854,494,15,16,424,1142,1293,1652,2945,448,201,7,9,313,1101,768,1311,2079,26452,26835,4814,5003,19311,21212,50577,53050,103627
114,588,1284,2513,2695,5208,1229,804,31,14,484,1214,1744,2032,3776,636,281,6,8,450,1191,1092,1480,2572,25711,26163,4306,4451,17105,20715,47122,51329,98451
115,304,852,1691,1785,3476,869,497,9,7,275,931,1153,1435,2588,445,198,11,4,279,1029,735,1231,1966,46454,47332,3505,3603,25449,28503,75408,79438,154846
116,558,1575,1984,2473,4457,794,453,11,5,454,1213,1259,1671,2930,357,160,10,3,265,1044,632,1207,1839,56205,56669,6519,6726,42925,48042,105649,111437,217086
117,781,1271,1884,2060,3944,718,384,11,5,532,1136,1261,1525,2786,351,125,7,3,355,1067,713,1195,1908,29908,30120,18377,14511,52953,52761,101238,97392,198630
118,595,1646,2235,2781,5016,1238,770,28,13,571,1815,1837,2598,4435,849,355,21,8,658,2243,1528,2606,4134,36560,37034,11223,10761,37628,46949,85411,94744,180155
119,1375,3629,6051,7006,13057,3227,1856,30,17,1293,3874,4550,5747,10297,1866,832,14,13,1285,4249,3165,5094,8259,101174,101908,8738,8695,79794,89567,189706,200170,389876
120,629,1728,2560,3065,5625,1354,706,17,13,575,1728,1946,2447,4393,707,292,14,7,498,1802,1219,2101,3320,46419,46986,9193,9281,38919,47507,94531,103774,198305
121,709,2291,3733,4490,8223,2111,1437,34,5,765,2540,2910,3982,6892,1477,717,25,5,861,3255,2363,3977,6340,74213,75675,10355,10035,46425,60684,130993,146394,277387
122,522,1547,2495,3061,5556,1452,977,28,15,532,1803,2012,2795,4807,917,437,15,9,726,2255,1658,2701,4359,46014,46765,8024,8189,29699,34908,83737,89862,173599
123,380,1085,1552,1827,3379,629,395,16,12,302,964,947,1371,2318,330,167,9,0,232,853,571,1020,1591,42904,43386,6578,6800,32073,37166,81555,87352,168907
124,594,1660,2255,2773,5028,939,574,24,11,527,1473,1490,2058,3548,506,256,13,8,439,1523,958,1787,2745,51062,51759,9397,9818,39657,46444,100116,108021,208137
125,894,2236,3549,4004,7553,1691,979,17,11,786,2355,2494,3345,5839,854,403,8,5,721,2388,1583,2796,4379,75241,75683,6377,6399,60830,63723,142448,145805,288253
126,376,1111,1815,2195,4010,1070,662,11,3,373,1334,1454,1999,3453,574,275,4,4,453,1508,1031,1787,2818,32626,33032,3277,3285,23120,28473,59023,64790,123813
127,726,2116,3066,3590,6656,1390,658,13,9,592,1837,1995,2504,4499,610,230,9,6,459,1441,1078,1677,2755,67149,67616,5265,5356,55611,61743,128025,134715,262740
128,486,1364,2285,2800,5085,1399,936,22,8,480,1696,1901,2640,4541,740,358,5,5,505,1700,1250,2063,3313,42694,43343,5639,5743,27677,32806,76010,81892,157902
197,0,0,0,0,0,0,0,0,0,0,0,0,0,0,0,0,0,0,0,0,0,0,0,0,0,0,0,0,0,0,0,0
